18
27
38
39
80
84
86
90
92
101
146
172
173
190
205
209
211
230
256
271
283
288
289
299
301
309
314
316
318
319
327
330
344
377
403
407
420
430
443
443
456
458
476
482
490
492
510
521
525
549
555
560
563
567
589
595
602
603
605
609
611
616
629
637
642
647
669
674
684
705
712
718
726
741
742
742
753
755
768
772
783
793
815
816
817
830
844
848
874
877
897
918
939
946
949
953
994
1004
1018
1020
1046
1053
1095
1106
1118
1127
1130
1136
1144
1148
1148
1150
1164
1172
1174
1183
1186
1191
1198
1214
1217
1224
1227
1254
1271
1280
1286
1287
1341
1356
1371
1379
1397
1403
1409
1417
1440
1452
1454
1511
1516
1519
1525
1527
1529
1532
1581
1584
1587
1592
1594
1595
1600
1602
1609
1618
1622
1643
1649
1665
1681
1704
1712
1727
1755
1757
1758
1802
1803
1810
1812
1818
1825
1826
1830
1849
1853
1865
1868
1871
1882
1884
1885
1923
1928
1932
2009
2024
2025
2025
2026
2035
2044
2045
2051
2063
2069
2077
2078
2084
2089
2103
2120
2123
2124
2124
2132
2147
2150
2203
2208
2222
2225
2229
2249
2256
2264
2268
2269
2280
2285
2299
2307
2310
2330
2331
2331
2336
2340
2344
2345
2360
2363
2366
2423
2427
2429
2439
2451
2464
2484
2486
2489
2496
2499
2518
2522
2531
2540
2541
2556
2557
2595
2603
2604
2617
2618
2627
2648
2658
2674
2675
2677
2678
2678
2681
2683
2684
2684
2700
2707
2732
2743
2751
2757
2765
2774
2778
2794
2801
2804
2804
2812
2815
2862
2875
2888
2894
2911
2912
2913
2934
2934
2935
2943
2944
2950
2958
2962
2963
2969
2977
2981
2987
3031
3042
3042
3050
3064
3066
3071
3078
3094
3141
3166
3186
3187
3187
3192
3197
3199
3201
3207
3212
3220
3242
3245
3248
3250
3254
3261
3266
3268
3270
3280
3296
3316
3318
3323
3328
3330
3345
3353
3356
3384
3401
3426
3430
3449
3453
3454
3466
3476
3488
3503
3509
3517
3521
3523
3539
3542
3544
3545
3552
3565
3570
3573
3591
3625
3649
3660
3674
3675
3680
3680
3682
3687
3705
3717
3743
3744
3749
3754
3767
3773
3787
3792
3797
3848
3855
3870
3875
3884
3887
3887
3906
3918
3924
3929
3930
3938
3959
3962
3972
3995
3996
4004
4009
4015
4016
4048
4050
4055
4057
4060
4102
4103
4109
4113
4119
4124
4157
4171
4172
4179
4192
4199
4205
4213
4221
4237
4241
4248
4252
4254
4278
4281
4304
4318
4327
4331
4334
4345
4358
4360
4363
4369
4374
4387
4396
4398
4400
4412
4426
4427
4454
4474
4475
4534
4542
4547
4547
4555
4558
4561
4574
4577
4581
4591
4603
4603
4609
4613
4614
4635
4661
4666
4673
4677
4682
4693
4706
4707
4717
4721
4722
4723
4728
4735
4736
4737
4742
4744
4765
4770
4787
4790
4795
4815
4834
4859
4865
4876
4883
4944
4946
4956
4958
4961
4971
4984
5004
5044
5050
5069
5079
5087
5097
5104
5147
5173
5173
5184
5184
5185
5190
5197
5217
5219
5228
5232
5248
5249
5252
5256
5262
5264
5271
5276
5278
5301
5303
5307
5332
5334
5360
5363
5373
5382
5387
5397
5397
5403
5406
5409
5419
5444
5457
5457
5472
5481
5491
5492
5496
5504
5509
5520
5531
5533
5582
5593
5593
5612
5614
5622
5624
5643
5645
5678
5680
5682
5697
5707
5713
5714
5717
5722
5753
5761
5765
5766
5766
5773
5781
5792
5836
5859
5880
5885
5886
5891
5893
5898
5903
5910
5915
5926
5940
5950
5951
5951
5972
5972
5979
5980
6016
6022
6026
6040
6046
6049
6067
6068
6074
6075
6084
6085
6087
6096
6113
6132
6136
6151
6155
6169
6172
6180
6187
6200
6209
6213
6226
6231
6235
6248
6252
6257
6266
6266
6275
6276
6304
6308
6318
6320
6345
6355
6357
6363
6367
6388
6390
6390
6396
6399
6417
6419
6419
6420
6449
6450
6459
6465
6478
6479
6506
6511
6512
6519
6522
6535
6541
6547
6558
6563
6568
6570
6572
6572
6583
6608
6613
6615
6638
6669
6671
6686
6697
6703
6724
6737
6752
6762
6779
6789
6800
6807
6833
6839
6841
6845
6849
6865
6869
6888
6890
6911
6914
6916
6924
6939
6945
6952
6960
6967
6973
6977
6979
6985
6987
6991
7013
7024
7024
7036
7042
7042
7044
7044
7055
7059
7085
7090
7091
7094
7104
7105
7106
7115
7121
7127
7128
7135
7154
7175
7193
7209
7216
7216
7219
7232
7238
7244
7274
7306
7311
7313
7317
7321
7326
7337
7371
7389
7401
7436
7454
7456
7459
7467
7472
7478
7484
7507
7510
7533
7538
7555
7556
7557
7590
7602
7606
7626
7630
7631
7642
7663
7693
7727
7731
7761
7772
7778
7782
7782
7796
7808
7810
7811
7817
7819
7825
7830
7845
7851
7861
7865
7870
7875
7876
7905
7908
7909
7909
7911
7917
7918
7919
7920
7935
8004
8009
8015
8026
8037
8054
8060
8068
8069
8070
8076
8083
8106
8110
8113
8122
8131
8133
8142
8149
8193
8206
8214
8227
8230
8241
8249
8251
8259
8271
8280
8283
8292
8301
8301
8315
8320
8325
8335
8357
8362
8368
8372
8382
8387
8425
8446
8453
8483
8488
8494
8515
8520
8542
8547
8551
8558
8560
8565
8586
8591
8601
8674
8677
8679
8680
8687
8722
8741
8761
8766
8775
8775
8798
8799
8814
8826
8831
8832
8844
8847
8878
8897
8897
8898
8907
8916
8917
8918
8939
8944
8957
8968
8974
8985
9031
9034
9046
9055
9060
9060
9070
9101
9109
9120
9120
9141
9144
9144
9147
9152
9170
9193
9231
9246
9255
9258
9260
9264
9266
9288
9307
9308
9324
9355
9358
9358
9379
9382
9384
9409
9433
9447
9457
9459
9487
9506
9514
9528
9532
9534
9544
9549
9550
9558
9570
9572
9588
9594
9604
9608
9612
9614
9631
9642
9645
9664
9673
9673
9673
9676
9678
9700
9721
9730
9737
9749
9752
9756
9758
9773
9793
9795
9797
9806
9832
9849
9850
9852
9862
9883
9889
9890
9901
9903
9910
9926
9927
9934
9951
9953
9957
9960
9966
9976
9976
9983
9985
9992
10009
10017
10032
10040
10047
10066
10082
10089
10097
10098
10101
10138
10140
10152
10161
10173
10173
10175
10176
10177
10193
10202
10218
10224
10242
10258
10276
10280
10298
10306
10316
10319
10333
10346
10349
10358
10361
10369
10372
10381
10381
10391
10396
10406
10419
10430
10436
10437
10452
10453
10480
10495
10500
10511
10518
10529
10572
10575
10584
10591
10604
10608
10610
10615
10620
10622
10624
10628
10632
10653
10659
10695
10741
10746
10752
10754
10780
10797
10806
10807
10839
10852
10855
10858
10860
10871
10887
10909
10928
10941
10955
10958
10976
10989
10995
11015
11018
11049
11065
11069
11097
11108
11118
11146
11154
11154
11158
11160
11163
11180
11182
11184
11186
11193
11195
11204
11205
11229
11238
11239
11267
11284
11286
11289
11295
11325
11338
11344
11344
11347
11351
11355
11357
11364
11364
11381
11387
11390
11392
11412
11413
11417
11419
11433
11436
11440
11465
11465
11471
11483
11484
11487
11494
11501
11504
11506
11518
11539
11584
11593
11603
11604
11605
11637
11651
11653
11659
11659
11680
11687
11692
11697
11701
11701
11705
11729
11736
11745
11749
11758
11766
11767
11780
11790
11804
11824
11827
11831
11846
11855
11862
11894
11897
11916
11939
11962
11963
12003
12006
12012
12015
12019
12026
12052
12055
12057
12064
12076
12082
12087
12100
12105
12124
12138
12141
12166
12178
12181
12256
12264
12274
12280
12302
12332
12334
12335
12339
12365
12375
12402
12404
12406
12417
12420
12433
12441
12442
12443
12445
12471
12471
12472
12478
12492
12531
12539
12544
12586
12589
12603
12603
12611
12616
12625
12630
12635
12638
12652
12664
12667
12670
12690
12694
12698
12700
12702
12706
12708
12741
12758
12762
12791
12793
12807
12822
12828
12840
12842
12845
12848
12852
12874
12905
12926
12927
12932
12937
12949
12954
12961
12972
12977
12985
12997
13002
13021
13027
13027
13039
13072
13073
13075
13086
13103
13103
13124
13136
13137
13137
13139
13144
13153
13154
13166
13169
13171
13176
13187
13188
13209
13214
13215
13221
13224
13253
13257
13281
13282
13316
13319
13351
13354
13373
13387
13393
13393
13420
13433
13439
13443
13447
13447
13450
13453
13481
13494
13502
13515
13517
13517
13531
13540
13543
13548
13549
13552
13553
13574
13593
13612
13622
13636
13640
13641
13677
13681
13721
13721
13724
13728
13736
13742
13755
13756
13760
13776
13795
13808
13820
13833
13835
13840
13848
13853
13856
13859
13863
13891
13898
13908
13909
13914
13922
13923
13923
13925
13925
13934
13940
13943
13993
13999
14020
14020
14022
14040
14042
14045
14056
14068
14077
14097
14117
14123
14129
14148
14149
14156
14166
14172
14181
14216
14239
14242
14242
14243
14244
14253
14254
14257
14279
14283
14309
14315
14323
14323
14328
14347
14375
14379
14390
14394
14399
14409
14420
14429
14441
14447
14455
14461
14461
14478
14488
14492
14522
14523
14535
14546
14560
14572
14574
14593
14598
14604
14640
14655
14675
14704
14706
14723
14726
14730
14732
14734
14771
14777
14779
14783
14828
14837
14838
14848
14850
14851
14853
14859
14875
14881
14882
14905
14913
14918
14936
14938
14940
14957
14968
14969
14972
14980
14990
14999
15004
15005
15010
15016
15034
15052
15052
15064
15088
15124
15134
15139
15162
15168
15191
15206
15209
15215
15219
15226
15236
15236
15242
15243
15260
15285
15286
15298
15310
15317
15338
15346
15353
15361
15364
15388
15396
15412
15433
15436
15443
15457
15457
15469
15500
15526
15528
15530
15547
15553
15570
15574
15598
15619
15621
15624
15626
15639
15652
15653
15660
15662
15670
15684
15693
15704
15709
15709
15715
15723
15732
15737
15742
15749
15764
15765
15765
15767
15772
15820
15821
15844
15853
15860
15862
15868
15882
15886
15895
15897
15899
15909
15911
15919
15922
15922
15929
15953
15977
15979
15979
15980
15989
15995
16008
16014
16017
16030
16035
16035
16047
16068
16074
16078
16078
16085
16098
16101
16102
16103
16104
16107
16108
16112
16123
16127
16149
16178
16200
16206
16210
16213
16224
16235
16244
16261
16271
16271
16276
16281
16295
16300
16301
16304
16327
16359
16372
16378
16395
16400
16408
16417
16432
16436
16436
16463
16479
16495
16508
16518
16531
16541
16554
16556
16557
16577
16580
16584
16585
16598
16619
16621
16635
16658
16662
16663
16681
16685
16687
16692
16699
16708
16714
16731
16735
16743
16753
16776
16796
16826
16828
16835
16850
16885
16887
16889
16892
16911
16916
16919
16949
16968
16978
16986
16994
16999
17002
17016
17017
17026
17027
17052
17058
17063
17064
17066
17084
17089
17101
17114
17116
17116
17117
17118
17128
17149
17168
17174
17183
17197
17206
17206
17209
17230
17236
17248
17275
17287
17290
17292
17304
17315
17321
17323
17342
17346
17369
17373
17383
17385
17390
17414
17425
17428
17442
17447
17452
17453
17468
17528
17548
17550
17552
17563
17596
17625
17629
17652
17684
17699
17717
17724
17733
17738
17740
17743
17749
17756
17757
17763
17769
17771
17774
17777
17803
17812
17816
17837
17857
17879
17882
17905
17913
17920
17958
17962
17970
17970
17988
17997
17999
18003
18050
18051
18053
18065
18065
18073
18078
18082
18088
18088
18112
18114
18116
18127
18190
18194
18200
18205
18207
18211
18239
18248
18284
18293
18312
18320
18324
18351
18372
18389
18407
18426
18432
18442
18447
18468
18496
18506
18510
18520
18521
18528
18534
18544
18555
18557
18559
18603
18611
18618
18635
18643
18643
18647
18659
18668
18674
18688
18694
18707
18717
18740
18743
18768
18770
18774
18783
18790
18793
18799
18801
18806
18813
18824
18828
18834
18839
18846
18847
18858
18866
18872
18878
18914
18916
18918
18920
18922
18943
18949
18954
18964
18967
18967
18982
18986
19028
19046
19063
19072
19079
19080
19097
19099
19128
19136
19139
19170
19188
19220
19231
19270
19276
19289
19319
19324
19330
19332
19336
19338
19349
19355
19374
19394
19398
19421
19424
19428
19447
19449
19459
19472
19491
19492
19513
19515
19522
19542
19556
19560
19586
19594
19596
19610
19618
19660
19682
19692
19693
19696
19699
19706
19716
19730
19749
19760
19769
19770
19772
19773
19781
19807
19818
19823
19830
19834
19836
19845
19857
19870
19870
19873
19876
19881
19888
19916
19917
19918
19933
19933
19933
19935
19980
19980
19982
19988
19992
20017
20022
20024
20024
20024
20035
20048
20057
20057
20063
20083
20087
20092
20094
20106
20108
20136
20171
20204
20225
20227
20233
20234
20240
20247
20260
20265
20270
20273
20280
20281
20291
20299
20330
20334
20334
20339
20341
20352
20353
20354
20358
20363
20365
20371
20378
20380
20403
20419
20419
20436
20440
20447
20454
20459
20488
20510
20525
20533
20534
20554
20569
20576
20594
20597
20601
20603
20642
20646
20672
20680
20694
20735
20737
20752
20769
20775
20792
20798
20802
20820
20830
20835
20850
20871
20885
20886
20887
20909
20914
20924
20930
20946
20948
20954
20955
20964
20965
20968
20969
20988
20992
21004
21006
21006
21011
21016
21016
21025
21029
21032
21036
21050
21083
21088
21101
21109
21109
21115
21136
21185
21188
21190
21194
21201
21207
21210
21215
21231
21236
21239
21262
21263
21269
21288
21305
21308
21326
21336
21338
21343
21346
21357
21359
21376
21385
21390
21420
21429
21431
21439
21458
21470
21482
21507
21520
21521
21528
21530
21547
21562
21565
21581
21582
21593
21595
21610
21617
21618
21620
21624
21626
21632
21642
21650
21651
21651
21675
21683
21707
21725
21732
21733
21741
21756
21758
21764
21777
21810
21815
21816
21833
21840
21889
21915
21951
21955
21972
21982
21983
21986
21992
22030
22031
22044
22045
22057
22060
22062
22062
22068
22069
22074
22115
22140
22141
22153
22168
22216
22228
22233
22234
22235
22244
22256
22271
22272
22285
22286
22288
22295
22297
22320
22327
22329
22337
22341
22341
22348
22359
22372
22377
22392
22400
22400
22420
22435
22463
22463
22484
22489
22519
22525
22529
22538
22548
22568
22571
22574
22588
22592
22600
22604
22633
22643
22644
22654
22669
22703
22709
22716
22736
22747
22758
22767
22768
22781
22824
22843
22853
22865
22868
22876
22876
22878
22879
22884
22887
22909
22919
22922
22923
22925
22929
22938
22948
22959
22963
22985
22987
23013
23016
23040
23072
23073
23076
23078
23083
23083
23085
23089
23097
23110
23129
23138
23155
23157
23159
23159
23163
23171
23183
23184
23192
23196
23218
23227
23234
23240
23240
23246
23308
23316
23331
23338
23344
23351
23362
23370
23373
23421
23433
23442
23444
23447
23456
23459
23460
23462
23472
23472
23489
23500
23508
23526
23547
23557
23564
23568
23569
23576
23580
23580
23582
23596
23596
23598
23656
23668
23675
23678
23684
23694
23702
23705
23712
23720
23723
23736
23739
23749
23753
23774
23779
23801
23805
23823
23839
23841
23858
23872
23874
23874
23876
23882
23909
23915
23932
23952
23953
23965
23976
23981
23984
23985
23988
23997
24012
24018
24055
24065
24078
24084
24085
24099
24101
24107
24109
24111
24119
24119
24120
24135
24147
24150
24156
24164
24164
24189
24220
24234
24252
24254
24298
24306
24310
24343
24345
24348
24360
24362
24400
24408
24409
24418
24449
24453
24460
24469
24470
24501
24526
24533
24535
24535
24539
24555
24564
24593
24597
24616
24630
24667
24674
24692
24707
24721
24723
24728
24729
24752
24754
24772
24775
24786
24793
24798
24804
24809
24836
24850
24850
24859
24867
24889
24892
24892
24911
24916
24923
24929
24956
24962
24969
24974
24979
24999
25013
25030
25044
25076
25093
25117
25123
25130
25134
25157
25161
25199
25201
25223
25252
25255
25265
25267
25270
25280
25284
25287
25299
25317
25361
25368
25381
25383
25385
25400
25406
25453
25459
25461
25477
25477
25480
25482
25488
25492
25501
25519
25527
25528
25534
25546
25548
25548
25555
25556
25557
25561
25562
25563
25567
25571
25584
25594
25602
25602
25611
25630
25641
25643
25652
25659
25667
25675
25680
25681
25685
25696
25721
25729
25749
25791
25795
25800
25804
25806
25809
25814
25820
25821
25824
25831
25839
25849
25852
25885
25892
25893
25915
25924
25925
25929
25931
25944
25971
25990
26005
26008
26015
26027
26031
26063
26068
26077
26077
26089
26090
26109
26120
26131
26154
26160
26168
26179
26181
26192
26193
26193
26194
26195
26199
26215
26232
26237
26241
26246
26262
26270
26279
26288
26327
26347
26352
26388
26395
26405
26412
26412
26413
26418
26437
26459
26469
26472
26500
26517
26520
26539
26563
26564
26578
26578
26579
26584
26592
26594
26620
26624
26624
26690
26716
26722
26730
26732
26740
26742
26742
26747
26765
26810
26820
26827
26851
26858
26861
26863
26877
26883
26890
26913
26913
26925
26927
26932
26954
26966
26973
26977
26990
26991
26998
27007
27016
27019
27020
27021
27055
27068
27074
27102
27112
27115
27129
27140
27160
27183
27183
27190
27202
27220
27221
27231
27248
27256
27258
27262
27271
27280
27285
27291
27305
27306
27324
27331
27335
27342
27363
27370
27388
27394
27394
27396
27397
27397
27407
27419
27425
27442
27467
27471
27473
27484
27494
27506
27510
27544
27549
27570
27576
27620
27623
27646
27677
27685
27689
27699
27707
27707
27708
27728
27737
27773
27781
27798
27827
27836
27852
27858
27864
27876
27883
27886
27894
27913
27917
27918
27951
27954
27955
27960
27978
27979
27981
27998
28020
28023
28041
28057
28067
28103
28146
28151
28152
28163
28172
28179
28192
28195
28221
28225
28225
28229
28262
28272
28287
28297
28319
28326
28340
28352
28352
28365
28374
28423
28423
28423
28430
28442
28454
28458
28463
28502
28502
28504
28524
28525
28532
28589
28599
28600
28602
28614
28618
28626
28629
28639
28670
28677
28691
28696
28723
28723
28734
28740
28740
28759
28772
28780
28784
28795
28817
28823
28827
28846
28848
28862
28870
28873
28883
28884
28891
28908
28909
28937
28949
28971
28976
28978
28982
28985
29002
29004
29032
29032
29049
29051
29059
29072
29079
29080
29125
29135
29142
29142
29151
29168
29180
29210
29214
29221
29234
29254
29258
29268
29271
29274
29276
29278
29314
29330
29333
29338
29351
29356
29356
29363
29384
29390
29409
29410
29415
29458
29463
29484
29491
29552
29557
29563
29565
29577
29583
29583
29586
29645
29667
29670
29673
29684
29707
29718
29726
29735
29735
29738
29789
29794
29816
29819
29830
29836
29853
29854
29870
29895
29901
29908
29941
29950
29954
29957
29965
29969
29970
29980
30003
30004
30015
30052
30055
30064
30064
30092
30097
30098
30100
30100
30105
30115
30119
30120
30124
30124
30125
30135
30143
30148
30165
30173
30174
30178
30180
30181
30199
30232
30241
30249
30255
30256
30263
30286
30304
30307
30316
30316
30317
30341
30344
30348
30349
30355
30375
30390
30393
30401
30402
30421
30428
30428
30433
30438
30451
30466
30467
30469
30482
30494
30495
30529
30543
30560
30564
30578
30588
30600
30606
30615
30619
30623
30633
30639
30646
30655
30667
30675
30680
30686
30698
30721
30724
30730
30745
30746
30757
30771
30784
30799
30802
30810
30825
30826
30831
30856
30868
30869
30881
30885
30888
30910
30910
30922
30935
30945
30951
30954
30957
30960
30976
30977
30994
31000
31001
31008
31016
31018
31022
31026
31034
31036
31045
31059
31064
31072
31073
31086
31117
31121
31138
31157
31164
31164
31171
31171
31177
31180
31185
31186
31191
31201
31205
31222
31223
31243
31246
31263
31267
31272
31282
31286
31293
31300
31306
31306
31308
31326
31329
31330
31330
31342
31352
31357
31363
31382
31389
31407
31408
31414
31414
31428
31433
31462
31480
31483
31484
31485
31490
31495
31529
31532
31534
31544
31565
31575
31580
31598
31612
31617
31619
31623
31634
31650
31652
31665
31672
31683
31688
31689
31706
31713
31720
31722
31726
31737
31747
31756
31778
31781
31784
31801
31809
31819
31822
31832
31847
31855
31856
31864
31877
31900
31912
31917
31924
31952
31967
31991
32000
32002
32013
32029
32042
32043
32055
32084
32090
32094
32095
32107
32113
32128
32154
32165
32176
32185
32200
32218
32229
32231
32253
32277
32287
32289
32300
32331
32336
32348
32352
32359
32373
32382
32392
32400
32400
32406
32413
32414
32428
32438
32447
32452
32458
32459
32483
32487
32495
32507
32507
32512
32517
32518
32533
32535
32547
32565
32566
32579
32591
32592
32608
32621
32641
32643
32645
32650
32654
32669
32676
32677
32681
32685
32693
32694
32697
32707
32707
32710
32736
32743
32745
32751
32774
32775
32778
32779
32782
32790
32794
32797
32843
32856
32866
32869
32884
32901
32920
32930
32935
32940
32943
32947
32948
32967
32972
32982
32983
32988
32989
33003
33034
33034
33053
33058
33059
33089
33107
33107
33110
33116
33124
33124
33131
33137
33137
33144
33146
33159
33161
33162
33179
33181
33198
33205
33226
33228
33250
33264
33275
33280
33281
33312
33324
33341
33343
33351
33367
33373
33411
33413
33435
33470
33480
33495
33497
33501
33502
33507
33508
33512
33513
33516
33516
33522
33546
33555
33558
33559
33567
33571
33573
33576
33589
33619
33647
33649
33661
33666
33672
33672
33673
33674
33681
33684
33688
33698
33705
33708
33718
33719
33722
33736
33736
33752
33753
33776
33784
33790
33791
33808
33825
33830
33838
33839
33853
33867
33874
33877
33884
33889
33895
33897
33905
33908
33922
33960
33960
33967
33985
34000
34008
34075
34088
34106
34126
34141
34142
34152
34155
34156
34157
34157
34159
34163
34165
34166
34171
34175
34182
34191
34205
34207
34218
34221
34222
34227
34246
34248
34251
34265
34284
34290
34295
34304
34306
34323
34326
34328
34330
34342
34357
34383
34447
34456
34492
34501
34510
34524
34531
34538
34551
34559
34565
34568
34571
34578
34597
34599
34609
34616
34620
34622
34623
34629
34632
34639
34640
34654
34660
34662
34674
34686
34701
34703
34703
34704
34706
34714
34734
34738
34738
34762
34764
34781
34785
34800
34818
34828
34830
34845
34847
34859
34859
34860
34902
34906
34923
34929
34946
34958
34966
34984
34989
35000
35025
35030
35037
35049
35050
35064
35078
35091
35097
35104
35108
35113
35152
35154
35175
35193
35193
35194
35195
35196
35196
35204
35206
35207
35212
35220
35228
35235
35236
35239
35250
35257
35259
35267
35270
35283
35284
35287
35298
35325
35326
35329
35331
35359
35364
35378
35382
35386
35391
35398
35415
35422
35438
35453
35459
35471
35471
35472
35481
35483
35502
35527
35528
35531
35532
35532
35533
35549
35556
35563
35576
35587
35596
35604
35619
35626
35626
35628
35630
35632
35660
35674
35676
35679
35679
35702
35730
35738
35741
35752
35755
35756
35787
35798
35819
35836
35861
35864
35875
35877
35906
35916
35916
35924
35925
35935
35947
35947
35960
35973
35976
35977
35980
35992
36006
36025
36026
36028
36038
36066
36080
36085
36086
36095
36096
36104
36117
36154
36155
36158
36159
36164
36184
36232
36250
36251
36254
36269
36288
36297
36315
36326
36334
36349
36355
36361
36372
36377
36388
36402
36411
36440
36445
36451
36452
36454
36476
36478
36522
36536
36560
36572
36580
36590
36602
36607
36611
36613
36620
36622
36623
36636
36670
36677
36686
36695
36695
36705
36716
36717
36740
36745
36760
36764
36767
36772
36801
36806
36816
36822
36826
36835
36836
36844
36847
36857
36858
36862
36870
36873
36875
36878
36880
36890
36912
36928
36954
36974
36975
36998
37004
37006
37007
37017
37069
37079
37124
37125
37126
37159
37167
37186
37186
37201
37212
37214
37218
37228
37235
37246
37247
37258
37267
37269
37271
37279
37286
37293
37301
37314
37317
37341
37344
37345
37357
37366
37366
37373
37387
37398
37404
37426
37429
37432
37438
37440
37447
37447
37448
37455
37459
37461
37475
37485
37498
37509
37532
37536
37562
37570
37585
37585
37589
37603
37614
37618
37644
37662
37682
37712
37713
37726
37733
37750
37778
37782
37782
37787
37815
37819
37856
37873
37875
37878
37897
37899
37901
37904
37922
37925
37946
37961
37974
37975
37984
37986
37996
38005
38012
38033
38038
38042
38050
38070
38074
38091
38091
38091
38093
38095
38121
38137
38162
38168
38173
38184
38198
38208
38216
38225
38231
38243
38247
38260
38267
38271
38302
38319
38325
38330
38330
38341
38349
38369
38372
38394
38432
38448
38450
38465
38467
38473
38479
38500
38505
38508
38522
38529
38534
38546
38586
38598
38605
38635
38637
38650
38654
38681
38693
38706
38751
38754
38766
38767
38801
38802
38805
38811
38814
38848
38851
38869
38871
38871
38874
38891
38898
38900
38903
38915
38925
38929
38955
38956
38986
39005
39012
39017
39020
39026
39041
39042
39049
39052
39055
39071
39078
39103
39112
39144
39161
39178
39194
39203
39230
39277
39306
39307
39352
39367
39376
39386
39393
39407
39421
39427
39453
39458
39476
39483
39494
39496
39521
39523
39533
39540
39560
39573
39577
39583
39595
39599
39601
39615
39629
39629
39637
39679
39692
39698
39700
39707
39721
39736
39750
39756
39789
39796
39800
39802
39813
39823
39824
39825
39841
39845
39846
39846
39846
39848
39848
39853
39854
39877
39889
39894
39910
39916
39921
39925
39926
39944
39969
39977
39981
39988
39994
39996
40007
40018
40025
40027
40054
40073
40084
40090
40102
40118
40144
40149
40165
40165
40166
40173
40176
40184
40187
40190
40197
40207
40251
40253
40260
40263
40269
40293
40299
40309
40310
40319
40366
40367
40385
40388
40406
40413
40440
40448
40457
40457
40483
40492
40523
40527
40556
40562
40562
40562
40566
40576
40577
40584
40588
40629
40645
40647
40660
40663
40666
40679
40685
40692
40701
40709
40727
40731
40751
40785
40790
40793
40795
40801
40802
40809
40822
40852
40853
40853
40861
40886
40899
40907
40937
40940
40951
40963
40970
40996
41010
41018
41021
41035
41035
41046
41048
41058
41094
41115
41137
41171
41187
41190
41191
41214
41215
41217
41220
41227
41228
41236
41236
41248
41263
41268
41271
41276
41276
41294
41298
41299
41301
41306
41319
41340
41362
41381
41384
41388
41388
41400
41406
41406
41420
41421
41422
41430
41437
41440
41456
41479
41495
41495
41497
41505
41505
41508
41509
41509
41515
41541
41541
41543
41544
41546
41549
41555
41558
41563
41581
41586
41590
41613
41625
41637
41640
41651
41670
41678
41686
41688
41728
41730
41734
41735
41758
41765
41776
41779
41796
41804
41815
41818
41846
41848
41851
41867
41882
41901
41929
41942
41961
41968
41970
41976
41987
41994
42002
42004
42007
42011
42043
42045
42054
42057
42061
42069
42077
42080
42092
42110
42111
42130
42136
42142
42142
42148
42156
42156
42165
42173
42192
42196
42197
42205
42207
42231
42255
42269
42314
42321
42343
42344
42368
42376
42384
42385
42394
42403
42403
42404
42428
42441
42443
42448
42455
42466
42469
42485
42495
42514
42525
42528
42555
42556
42585
42589
42613
42630
42631
42654
42667
42671
42674
42690
42696
42697
42705
42714
42719
42732
42746
42754
42762
42765
42767
42779
42796
42801
42841
42868
42888
42891
42899
42909
42919
42924
42925
42951
42955
43005
43023
43074
43075
43089
43093
43105
43120
43148
43154
43185
43206
43230
43232
43234
43235
43236
43248
43262
43265
43293
43304
43320
43340
43340
43344
43358
43362
43389
43397
43420
43450
43454
43462
43464
43465
43468
43483
43485
43493
43518
43523
43525
43530
43569
43578
43580
43589
43612
43620
43622
43638
43640
43640
43646
43651
43669
43676
43678
43680
43682
43682
43692
43710
43711
43712
43717
43733
43746
43748
43766
43766
43802
43872
43874
43883
43891
43902
43907
43908
43910
43962
43968
43982
43997
44003
44008
44013
44014
44018
44019
44039
44049
44049
44054
44058
44060
44063
44067
44069
44084
44095
44099
44123
44136
44144
44159
44174
44178
44180
44186
44197
44208
44219
44224
44227
44240
44242
44242
44249
44250
44293
44306
44308
44319
44330
44361
44367
44372
44378
44378
44380
44398
44403
44405
44407
44419
44438
44439
44472
44473
44496
44503
44506
44516
44533
44541
44554
44565
44569
44580
44599
44624
44626
44635
44636
44636
44641
44642
44648
44654
44656
44669
44701
44738
44746
44757
44791
44806
44811
44824
44828
44828
44834
44869
44882
44883
44887
44904
44913
44929
44937
44942
44945
44954
44967
44974
44975
44986
45032
45052
45069
45074
45075
45076
45083
45087
45090
45093
45120
45124
45132
45157
45160
45169
45171
45175
45176
45177
45188
45196
45227
45235
45242
45244
45259
45264
45268
45273
45304
45309
45323
45342
45355
45356
45366
45381
45385
45389
45390
45411
45427
45450
45465
45480
45489
45491
45495
45496
45584
45596
45597
45614
45617
45621
45623
45631
45649
45659
45665
45679
45685
45709
45728
45732
45738
45741
45742
45756
45762
45763
45779
45783
45806
45810
45821
45840
45840
45852
45856
45878
45878
45878
45885
45907
45912
45914
45921
45936
45951
45972
45982
45988
46002
46006
46016
46022
46026
46031
46041
46050
46073
46079
46092
46116
46120
46153
46156
46163
46178
46180
46180
46185
46194
46197
46199
46215
46219
46222
46223
46229
46231
46246
46255
46280
46282
46284
46290
46297
46312
46316
46322
46326
46331
46340
46361
46362
46374
46376
46382
46383
46386
46389
46409
46411
46479
46480
46489
46505
46507
46514
46519
46541
46545
46562
46574
46576
46587
46608
46609
46611
46614
46616
46655
46658
46662
46664
46676
46684
46688
46693
46704
46718
46720
46730
46746
46758
46769
46772
46775
46789
46794
46805
46809
46810
46844
46856
46876
46878
46887
46890
46906
46936
46937
46940
46971
46977
46981
46981
46992
46992
47034
47034
47040
47043
47050
47052
47055
47077
47087
47110
47123
47126
47140
47192
47202
47207
47225
47234
47242
47275
47276
47284
47291
47297
47330
47330
47377
47378
47386
47388
47400
47407
47427
47446
47448
47449
47450
47460
47464
47468
47472
47481
47486
47488
47498
47503
47511
47523
47567
47592
47593
47597
47616
47620
47622
47637
47645
47648
47661
47668
47670
47680
47694
47700
47712
47714
47723
47746
47757
47759
47796
47797
47810
47812
47855
47856
47857
47872
47891
47893
47900
47903
47906
47913
47924
47925
47930
47945
47948
47961
47963
47964
47974
47975
47994
47996
47998
48000
48000
48006
48007
48008
48011
48077
48078
48083
48086
48089
48090
48095
48098
48123
48136
48143
48147
48152
48170
48170
48171
48210
48248
48254
48264
48272
48280
48289
48302
48302
48323
48327
48332
48346
48348
48359
48380
48381
48392
48399
48414
48421
48425
48427
48441
48478
48486
48492
48507
48509
48511
48520
48528
48533
48540
48545
48549
48552
48558
48565
48577
48601
48611
48620
48625
48645
48671
48675
48683
48690
48692
48695
48708
48715
48727
48763
48765
48766
48767
48775
48788
48811
48821
48823
48840
48841
48844
48848
48850
48850
48862
48899
48923
48973
48979
48983
48986
48994
49003
49017
49028
49032
49059
49065
49076
49084
49090
49099
49113
49115
49116
49142
49169
49176
49187
49188
49213
49222
49227
49236
49239
49258
49267
49275
49285
49297
49312
49326
49343
49350
49373
49378
49403
49416
49422
49429
49438
49448
49458
49472
49473
49493
49493
49521
49542
49543
49545
49547
49550
49552
49556
49558
49578
49583
49605
49638
49649
49651
49651
49659
49668
49669
49670
49672
49708
49721
49721
49721
49741
49755
49761
49764
49778
49793
49796
49797
49802
49817
49822
49826
49827
49828
49846
49860
49867
49914
49934
49964
49967
49970
49974
49989
50019
50022
50026
50041
50045
50048
50049
50060
50064
50102
50103
50104
50104
50110
50114
50122
50126
50139
50149
50163
50167
50180
50186
50195
50217
50217
50222
50249
50257
50259
50262
50274
50299
50314
50340
50353
50356
50358
50366
50370
50387
50394
50404
50404
50416
50417
50424
50447
50462
50468
50495
50502
50507
50518
50522
50527
50528
50535
50536
50539
50543
50555
50565
50583
50607
50609
50620
50627
50639
50641
50642
50642
50649
50664
50665
50667
50682
50703
50719
50724
50726
50747
50755
50774
50798
50807
50819
50829
50831
50836
50836
50853
50856
50865
50875
50912
50924
50925
50925
50939
50947
50949
50955
50966
50970
50999
51035
51081
51081
51087
51090
51095
51101
51109
51130
51131
51134
51135
51137
51146
51152
51170
51177
51179
51186
51223
51227
51237
51246
51251
51251
51252
51287
51291
51316
51317
51317
51331
51331
51342
51354
51370
51378
51381
51409
51411
51420
51424
51444
51452
51466
51468
51494
51501
51502
51507
51523
51524
51528
51551
51552
51570
51574
51583
51584
51587
51590
51623
51625
51645
51647
51651
51673
51693
51703
51704
51710
51711
51755
51756
51770
51776
51784
51788
51794
51796
51802
51805
51811
51829
51835
51851
51853
51862
51896
51899
51904
51914
51922
51956
51969
51986
51987
51997
52003
52007
52012
52018
52029
52044
52050
52064
52077
52082
52100
52109
52127
52139
52156
52161
52181
52213
52221
52225
52231
52247
52259
52272
52277
52314
52315
52331
52334
52338
52341
52356
52367
52375
52410
52419
52423
52425
52438
52438
52440
52450
52452
52458
52466
52486
52488
52505
52506
52510
52513
52521
52523
52534
52543
52555
52556
52567
52588
52589
52589
52610
52621
52631
52631
52639
52640
52646
52664
52673
52690
52700
52707
52719
52720
52735
52738
52746
52764
52779
52779
52781
52784
52795
52804
52811
52814
52824
52839
52857
52858
52861
52863
52899
52924
52928
52929
52945
52960
52966
52970
52973
52981
52988
52990
52997
53007
53020
53027
53040
53041
53053
53082
53103
53148
53152
53156
53165
53167
53168
53194
53202
53207
53232
53248
53266
53302
53303
53308
53321
53322
53341
53357
53364
53366
53370
53372
53381
53383
53394
53407
53413
53440
53442
53443
53447
53461
53462
53478
53484
53485
53489
53493
53521
53544
53547
53553
53553
53554
53572
53572
53573
53586
53602
53608
53615
53617
53622
53622
53651
53652
53656
53657
53686
53711
53725
53738
53740
53758
53760
53763
53814
53816
53818
53824
53844
53874
53893
53897
53901
53901
53903
53904
53913
53920
53926
53927
53932
53940
53949
53949
53955
53964
53979
53985
53989
53994
54010
54028
54031
54039
54062
54076
54087
54088
54116
54119
54140
54158
54159
54167
54172
54184
54188
54241
54245
54252
54257
54268
54273
54277
54288
54313
54314
54317
54325
54337
54353
54361
54365
54391
54397
54408
54420
54425
54432
54440
54445
54456
54464
54474
54486
54490
54511
54523
54523
54531
54535
54553
54568
54572
54577
54596
54597
54599
54604
54621
54628
54630
54635
54643
54647
54689
54739
54767
54778
54778
54788
54798
54800
54803
54814
54816
54821
54821
54822
54863
54864
54869
54886
54886
54901
54902
54929
54937
54961
54983
54985
55012
55025
55038
55039
55043
55057
55078
55080
55084
55086
55092
55097
55105
55110
55112
55124
55127
55131
55140
55154
55168
55170
55182
55187
55199
55205
55210
55226
55234
55240
55241
55247
55254
55266
55278
55290
55302
55311
55313
55316
55351
55353
55353
55372
55378
55380
55380
55395
55395
55398
55431
55432
55442
55443
55448
55453
55459
55473
55491
55494
55498
55510
55510
55516
55543
55547
55562
55587
55589
55601
55614
55618
55645
55672
55674
55682
55692
55706
55707
55721
55721
55728
55736
55754
55759
55788
55791
55792
55811
55849
55878
55896
55915
55917
55924
55934
55936
55944
55957
55964
55967
55968
55978
55991
56058
56063
56078
56083
56092
56097
56106
56121
56124
56139
56139
56140
56140
56160
56167
56177
56178
56187
56205
56249
56250
56274
56281
56296
56300
56309
56317
56353
56356
56379
56388
56391
56392
56395
56405
56406
56407
56408
56420
56421
56421
56426
56439
56442
56458
56462
56471
56475
56484
56510
56536
56539
56548
56590
56604
56607
56636
56673
56673
56675
56678
56685
56690
56692
56724
56728
56729
56739
56744
56745
56747
56754
56759
56761
56773
56789
56810
56817
56822
56850
56858
56879
56897
56904
56909
56914
56920
56923
56928
56929
56931
56961
56967
56984
56989
57007
57009
57029
57052
57052
57064
57077
57085
57099
57112
57129
57130
57131
57132
57134
57146
57149
57158
57171
57196
57212
57216
57233
57235
57235
57241
57242
57246
57246
57250
57260
57264
57296
57308
57326
57362
57387
57388
57407
57409
57411
57416
57433
57438
57443
57443
57454
57464
57466
57482
57486
57487
57499
57516
57527
57540
57546
57555
57559
57561
57579
57594
57614
57618
57622
57638
57659
57661
57681
57688
57729
57743
57746
57765
57773
57782
57794
57799
57799
57802
57803
57819
57826
57826
57849
57859
57870
57878
57885
57904
57912
57918
57921
57931
57932
57947
57947
57948
57948
57965
57986
57999
58002
58018
58018
58026
58034
58039
58052
58054
58063
58093
58094
58098
58102
58103
58113
58116
58120
58127
58149
58157
58159
58161
58176
58185
58192
58206
58214
58229
58243
58246
58246
58247
58249
58262
58263
58284
58295
58301
58305
58307
58313
58317
58317
58329
58342
58347
58367
58401
58405
58409
58425
58434
58445
58460
58477
58500
58519
58533
58535
58562
58577
58579
58579
58582
58587
58597
58602
58612
58614
58632
58638
58648
58653
58669
58670
58671
58675
58681
58686
58693
58693
58695
58715
58720
58723
58754
58762
58773
58797
58806
58808
58817
58824
58826
58828
58832
58837
58839
58843
58869
58878
58879
58884
58917
58929
58934
58949
58949
58954
58955
58957
58958
58961
58963
58992
59002
59013
59028
59048
59058
59075
59081
59083
59091
59094
59126
59131
59146
59205
59215
59225
59231
59247
59249
59260
59264
59290
59311
59333
59341
59343
59344
59352
59355
59363
59363
59368
59374
59375
59379
59382
59386
59421
59433
59436
59441
59478
59478
59507
59510
59514
59517
59527
59596
59602
59604
59610
59662
59680
59690
59691
59692
59692
59701
59735
59738
59741
59750
59759
59759
59762
59774
59800
59801
59810
59817
59871
59882
59904
59906
59906
59907
59938
59947
59951
59977
59993
59998
60011
60018
60037
60045
60047
60093
60093
60098
60106
60109
60163
60164
60177
60186
60189
60197
60198
60215
60224
60227
60244
60250
60275
60298
60307
60331
60346
60351
60361
60375
60384
60403
60404
60410
60410
60436
60451
60461
60477
60479
60481
60484
60486
60489
60492
60495
60519
60541
60543
60550
60605
60612
60615
60626
60640
60647
60649
60658
60661
60673
60674
60682
60689
60701
60704
60706
60711
60725
60728
60733
60747
60755
60766
60774
60783
60802
60802
60827
60827
60832
60841
60842
60844
60855
60875
60901
60935
60937
60941
60960
60968
61006
61009
61015
61020
61023
61035
61044
61045
61060
61068
61072
61081
61090
61096
61119
61133
61141
61143
61152
61159
61163
61176
61189
61193
61200
61202
61232
61259
61279
61311
61319
61343
61344
61356
61370
61393
61393
61403
61405
61406
61418
61433
61461
61468
61475
61476
61477
61485
61492
61496
61534
61534
61542
61555
61603
61608
61610
61610
61612
61625
61639
61643
61650
61672
61678
61679
61680
61698
61722
61732
61735
61741
61741
61745
61748
61775
61776
61801
61818
61858
61859
61877
61887
61888
61906
61908
61928
61933
61936
61949
61962
61974
61978
62011
62023
62027
62033
62045
62052
62052
62062
62086
62097
62134
62138
62162
62167
62181
62224
62227
62236
62251
62271
62275
62299
62304
62317
62322
62329
62343
62355
62371
62376
62384
62388
62390
62393
62397
62428
62431
62448
62449
62453
62473
62482
62499
62501
62505
62510
62510
62510
62535
62539
62549
62549
62561
62570
62571
62574
62575
62600
62602
62603
62605
62606
62609
62619
62629
62634
62644
62655
62657
62658
62658
62684
62696
62708
62715
62736
62742
62743
62801
62802
62857
62866
62875
62888
62896
62899
62916
62969
62976
62996
63001
63012
63016
63018
63022
63029
63038
63038
63047
63057
63062
63070
63070
63074
63087
63093
63113
63114
63134
63134
63138
63148
63158
63187
63189
63193
63194
63200
63225
63229
63266
63274
63289
63299
63310
63314
63336
63342
63363
63369
63375
63382
63390
63391
63399
63412
63419
63428
63429
63436
63438
63449
63449
63450
63452
63463
63467
63476
63478
63482
63482
63483
63487
63496
63497
63505
63510
63522
63525
63535
63550
63554
63589
63594
63612
63625
63628
63652
63653
63653
63665
63667
63680
63681
63682
63685
63687
63715
63722
63742
63744
63765
63766
63783
63786
63806
63807
63813
63824
63830
63832
63843
63854
63856
63860
63867
63871
63885
63899
63900
63906
63914
63917
63957
63974
63990
64044
64071
64090
64096
64097
64113
64120
64122
64135
64157
64166
64167
64176
64182
64189
64205
64218
64219
64220
64230
64243
64257
64263
64269
64269
64284
64289
64299
64313
64314
64316
64320
64320
64349
64353
64359
64363
64368
64376
64399
64421
64430
64433
64434
64451
64468
64476
64476
64493
64496
64507
64531
64538
64547
64568
64603
64619
64626
64632
64634
64662
64680
64682
64683
64685
64686
64689
64696
64701
64711
64716
64721
64723
64734
64734
64783
64806
64812
64822
64862
64864
64869
64900
64918
64922
64939
64961
64961
64966
64979
64981
64983
64983
64987
64989
64993
64995
64997
64998
64998
64998
65000
65005
65006
65020
65032
65034
65055
65058
65071
65073
65077
65092
65101
65105
65114
65144
65167
65189
65191
65192
65196
65224
65228
65237
65238
65240
65240
65245
65255
65259
65263
65274
65275
65276
65279
65292
65325
65339
65347
65365
65371
65373
65388
65398
65398
65408
65420
65422
65423
65432
65443
65456
65469
65486
65519
65520
65522
65524
65533
65546
65558
65572
65573
65580
65598
65607
65640
65656
65671
65671
65673
65675
65676
65677
65679
65688
65725
65733
65737
65750
65754
65760
65761
65766
65780
65780
65785
65791
65798
65799
65811
65812
65832
65839
65847
65850
65855
65855
65863
65866
65890
65902
65904
65927
65930
65937
65942
65961
65976
65978
65992
65995
66004
66043
66045
66063
66063
66081
66108
66126
66130
66139
66149
66149
66159
66160
66160
66161
66167
66177
66197
66212
66220
66224
66237
66240
66242
66242
66258
66294
66296
66297
66303
66304
66311
66320
66351
66353
66355
66355
66358
66362
66369
66379
66388
66390
66400
66427
66430
66448
66475
66476
66481
66481
66494
66503
66504
66516
66523
66545
66552
66591
66592
66612
66615
66618
66629
66643
66676
66676
66686
66711
66720
66722
66724
66735
66746
66751
66761
66763
66765
66784
66784
66784
66795
66800
66856
66861
66864
66864
66864
66883
66902
66904
66909
66912
66915
66924
66925
66929
66935
66941
66945
66957
66961
66993
66997
67004
67004
67015
67027
67034
67058
67065
67072
67081
67087
67107
67113
67114
67118
67120
67130
67134
67150
67207
67235
67238
67244
67246
67259
67260
67297
67307
67341
67354
67365
67371
67400
67404
67414
67432
67463
67476
67476
67477
67486
67500
67507
67563
67564
67576
67583
67593
67608
67616
67627
67638
67671
67681
67688
67688
67709
67710
67713
67714
67723
67728
67754
67757
67762
67765
67776
67784
67791
67798
67832
67851
67867
67876
67887
67890
67893
67896
67908
67909
67916
67924
67928
67943
67970
67990
67990
68028
68037
68047
68050
68051
68063
68064
68088
68092
68123
68138
68149
68149
68181
68211
68231
68256
68276
68278
68280
68290
68298
68309
68309
68314
68319
68333
68353
68354
68361
68402
68431
68432
68435
68436
68437
68440
68443
68465
68466
68468
68472
68478
68478
68492
68495
68497
68514
68515
68518
68527
68535
68535
68542
68548
68549
68573
68583
68607
68609
68611
68677
68681
68689
68690
68702
68706
68738
68740
68758
68761
68767
68784
68801
68810
68811
68812
68831
68844
68853
68858
68862
68871
68878
68888
68893
68894
68911
68914
68917
68935
68935
68944
68950
68958
68958
69004
69011
69025
69029
69064
69066
69085
69109
69116
69122
69124
69151
69154
69163
69181
69194
69215
69242
69245
69248
69251
69287
69297
69311
69320
69396
69410
69418
69418
69423
69423
69427
69446
69454
69469
69494
69502
69506
69511
69516
69516
69533
69535
69554
69555
69557
69567
69593
69598
69605
69626
69628
69651
69652
69657
69669
69674
69675
69688
69702
69710
69722
69723
69724
69725
69732
69734
69740
69771
69779
69782
69785
69808
69825
69826
69830
69842
69851
69853
69863
69876
69877
69886
69898
69933
69933
69938
69947
69949
69951
69960
69970
69985
69997
69998
70009
70055
70076
70083
70085
70094
70097
70106
70129
70132
70160
70164
70170
70177
70198
70204
70207
70208
70216
70222
70224
70228
70230
70249
70249
70253
70268
70300
70328
70334
70345
70345
70367
70368
70369
70400
70407
70420
70432
70439
70468
70472
70483
70485
70486
70489
70502
70505
70514
70515
70532
70539
70541
70543
70559
70561
70562
70564
70570
70573
70586
70593
70594
70597
70602
70611
70611
70616
70619
70631
70642
70642
70644
70659
70663
70675
70694
70697
70734
70764
70793
70804
70814
70828
70829
70838
70839
70844
70859
70873
70880
70880
70912
70926
70952
70958
70970
70977
70982
70982
71005
71010
71041
71055
71057
71068
71089
71091
71095
71097
71101
71105
71109
71112
71115
71117
71118
71123
71124
71152
71171
71185
71220
71221
71229
71230
71238
71238
71258
71258
71264
71285
71290
71304
71310
71314
71325
71335
71405
71412
71421
71421
71431
71440
71448
71471
71476
71487
71503
71515
71527
71539
71543
71550
71567
71581
71595
71620
71630
71632
71639
71656
71673
71726
71727
71733
71742
71751
71813
71815
71832
71845
71849
71853
71855
71866
71876
71895
71899
71910
71928
71933
71939
71964
72013
72022
72043
72047
72066
72072
72075
72088
72092
72098
72101
72114
72129
72148
72172
72175
72186
72186
72217
72217
72232
72241
72261
72263
72264
72264
72273
72275
72284
72290
72320
72345
72358
72371
72373
72405
72420
72422
72443
72447
72449
72454
72458
72463
72465
72510
72555
72571
72571
72620
72623
72638
72639
72643
72652
72661
72677
72692
72699
72709
72722
72725
72727
72734
72735
72736
72736
72752
72755
72768
72772
72775
72788
72790
72794
72823
72832
72835
72839
72845
72849
72862
72872
72875
72902
72910
72911
72927
72936
72945
72952
72953
72957
72968
72986
72996
73003
73009
73026
73031
73032
73035
73043
73049
73076
73080
73129
73160
73161
73169
73188
73194
73195
73208
73211
73220
73250
73261
73278
73288
73305
73305
73312
73315
73320
73327
73342
73361
73361
73363
73366
73368
73374
73381
73393
73420
73424
73428
73429
73434
73440
73454
73456
73457
73471
73474
73483
73487
73494
73501
73503
73508
73524
73541
73548
73562
73564
73591
73601
73615
73621
73628
73650
73655
73660
73665
73665
73666
73682
73688
73705
73710
73718
73722
73725
73728
73731
73748
73750
73755
73758
73765
73770
73770
73779
73783
73786
73791
73795
73818
73820
73820
73832
73846
73868
73873
73875
73898
73902
73903
73912
73921
73931
73933
73935
73948
73960
73967
73971
73985
73988
73992
74006
74023
74026
74029
74031
74042
74045
74049
74051
74075
74083
74089
74103
74115
74129
74129
74130
74141
74161
74186
74188
74189
74193
74215
74236
74238
74241
74243
74282
74291
74293
74298
74305
74318
74319
74327
74342
74345
74364
74373
74373
74386
74388
74392
74410
74412
74423
74427
74438
74438
74463
74478
74488
74490
74518
74534
74542
74564
74565
74588
74593
74600
74602
74618
74626
74640
74643
74658
74662
74685
74690
74700
74707
74723
74725
74744
74756
74759
74774
74793
74801
74801
74812
74829
74884
74889
74899
74907
74909
74921
74926
74934
74935
74946
74948
74949
74952
74954
74960
74960
74988
74995
74998
75009
75020
75023
75028
75044
75053
75055
75059
75071
75081
75093
75100
75114
75130
75155
75170
75174
75180
75206
75225
75231
75231
75259
75264
75273
75277
75311
75328
75329
75365
75371
75379
75394
75404
75407
75412
75419
75434
75441
75459
75466
75470
75471
75475
75477
75477
75493
75493
75499
75504
75518
75521
75523
75523
75533
75539
75542
75553
75555
75558
75574
75581
75589
75595
75604
75609
75619
75625
75635
75639
75667
75672
75695
75756
75768
75788
75788
75805
75817
75825
75826
75832
75839
75843
75850
75850
75857
75858
75881
75886
75888
75891
75901
75949
75952
75958
75974
75977
75980
75980
76004
76016
76022
76024
76034
76060
76080
76098
76109
76110
76113
76127
76133
76137
76141
76145
76164
76176
76203
76206
76209
76212
76219
76221
76233
76258
76274
76283
76301
76313
76354
76361
76363
76364
76413
76436
76444
76463
76465
76484
76484
76484
76491
76497
76503
76539
76553
76557
76580
76708
76717
76719
76724
76727
76727
76738
76758
76759
76760
76762
76767
76769
76771
76783
76786
76788
76804
76820
76837
76899
76904
76938
76944
76953
76966
76973
76987
77010
77041
77042
77069
77078
77087
77090
77107
77113
77121
77121
77150
77168
77169
77169
77190
77197
77200
77216
77227
77227
77233
77244
77247
77255
77256
77261
77261
77287
77294
77309
77317
77332
77334
77360
77365
77379
77409
77428
77454
77462
77465
77470
77472
77483
77509
77525
77548
77574
77588
77588
77596
77611
77612
77614
77616
77626
77631
77655
77655
77669
77685
77694
77703
77710
77713
77720
77724
77727
77727
77731
77734
77738
77749
77749
77756
77765
77770
77774
77776
77786
77789
77818
77824
77836
77854
77883
77897
77916
77930
77931
77933
77937
77956
77957
77964
77976
77979
78001
78005
78017
78026
78042
78049
78063
78072
78093
78105
78130
78135
78136
78143
78147
78169
78170
78176
78184
78185
78265
78283
78292
78294
78313
78326
78328
78331
78341
78344
78354
78390
78439
78443
78460
78470
78502
78502
78509
78548
78559
78583
78587
78592
78608
78627
78637
78645
78654
78655
78662
78664
78669
78679
78679
78680
78708
78719
78725
78756
78756
78771
78774
78776
78783
78798
78798
78805
78811
78811
78812
78819
78821
78830
78832
78839
78852
78899
78899
78906
78944
78953
78956
78960
78964
78965
78974
78975
78989
78991
78992
79001
79015
79023
79049
79050
79069
79089
79094
79100
79101
79103
79115
79116
79130
79134
79157
79160
79175
79175
79188
79190
79203
79208
79217
79221
79238
79238
79258
79264
79269
79273
79291
79303
79317
79324
79333
79343
79344
79377
79380
79381
79389
79389
79404
79416
79422
79436
79446
79467
79467
79491
79505
79507
79510
79516
79518
79530
79539
79551
79576
79599
79603
79608
79620
79640
79644
79664
79669
79670
79693
79702
79718
79719
79720
79725
79726
79731
79746
79761
79774
79776
79776
79844
79848
79865
79871
79909
79914
79916
79918
79922
79935
79944
79944
79950
79967
79980
79994
79994
79998
80031
80037
80041
80056
80072
80080
80086
80093
80093
80093
80103
80103
80152
80153
80172
80178
80191
80210
80217
80239
80251
80259
80259
80272
80279
80306
80336
80338
80339
80340
80343
80353
80366
80366
80368
80377
80385
80438
80447
80456
80475
80476
80487
80496
80509
80514
80516
80529
80532
80551
80557
80558
80565
80587
80587
80595
80604
80606
80610
80615
80618
80655
80672
80685
80700
80704
80723
80728
80732
80740
80745
80748
80755
80756
80760
80760
80765
80772
80790
80795
80804
80815
80871
80877
80886
80889
80894
80899
80918
80922
80929
80934
80936
80947
80951
80966
80971
80980
80989
80990
81005
81006
81008
81012
81019
81037
81041
81045
81057
81057
81059
81070
81073
81091
81103
81106
81108
81112
81114
81116
81122
81149
81164
81177
81178
81183
81188
81207
81210
81222
81223
81231
81238
81242
81243
81247
81247
81250
81257
81268
81275
81283
81293
81327
81344
81348
81357
81365
81376
81382
81417
81435
81437
81443
81450
81456
81461
81490
81508
81520
81531
81551
81559
81576
81576
81583
81597
81614
81615
81624
81629
81634
81653
81662
81667
81668
81670
81676
81703
81703
81710
81720
81722
81732
81732
81748
81759
81795
81815
81823
81824
81840
81841
81851
81852
81861
81867
81872
81873
81876
81882
81884
81890
81894
81902
81912
81920
81923
81925
81941
81946
81957
81960
81961
81963
81965
81967
81967
81975
81980
81988
82011
82012
82047
82049
82076
82085
82089
82114
82118
82128
82128
82144
82154
82159
82160
82172
82177
82179
82200
82210
82217
82223
82225
82244
82255
82303
82305
82311
82313
82314
82318
82330
82331
82344
82370
82372
82389
82395
82409
82413
82421
82425
82441
82449
82469
82484
82497
82537
82540
82541
82556
82557
82584
82585
82593
82596
82611
82611
82613
82615
82616
82674
82683
82685
82685
82697
82710
82715
82734
82736
82752
82757
82764
82765
82768
82774
82775
82785
82787
82792
82797
82806
82817
82827
82839
82840
82842
82842
82849
82864
82865
82875
82877
82880
82880
82895
82899
82900
82901
82923
82928
82935
82951
82956
82958
82961
82971
82991
83000
83003
83009
83023
83055
83056
83058
83065
83071
83072
83077
83099
83115
83121
83155
83168
83190
83193
83193
83210
83211
83220
83242
83249
83263
83269
83288
83306
83310
83311
83323
83329
83337
83351
83358
83362
83371
83374
83380
83387
83405
83406
83438
83451
83454
83461
83480
83488
83500
83532
83541
83561
83566
83573
83575
83580
83580
83596
83600
83612
83613
83614
83637
83654
83667
83685
83698
83722
83728
83729
83750
83751
83752
83764
83768
83785
83790
83797
83800
83802
83825
83830
83830
83835
83840
83869
83878
83892
83894
83899
83924
83957
83964
83968
83970
83980
83986
83995
84006
84022
84029
84030
84045
84069
84083
84099
84109
84116
84118
84131
84136
84161
84162
84164
84175
84193
84198
84200
84217
84229
84232
84232
84254
84290
84304
84320
84338
84339
84361
84369
84384
84400
84405
84406
84417
84419
84429
84465
84488
84492
84507
84511
84522
84546
84563
84565
84570
84571
84575
84601
84603
84610
84613
84616
84623
84623
84623
84652
84667
84677
84682
84683
84685
84694
84700
84705
84705
84723
84727
84750
84750
84757
84764
84767
84793
84814
84816
84825
84837
84842
84853
84859
84890
84894
84913
84915
84938
84941
84950
84960
84966
84969
84972
84973
84973
84975
84981
84993
84994
84994
84998
85002
85017
85020
85033
85034
85036
85038
85040
85048
85054
85070
85082
85107
85121
85142
85151
85174
85177
85177
85185
85196
85201
85203
85203
85222
85225
85227
85243
85247
85254
85267
85270
85285
85289
85303
85303
85313
85320
85323
85329
85364
85367
85375
85376
85388
85392
85414
85424
85447
85455
85471
85480
85504
85515
85521
85525
85537
85538
85539
85549
85557
85568
85572
85604
85638
85642
85644
85655
85662
85668
85725
85741
85743
85749
85761
85796
85806
85823
85845
85846
85862
85862
85863
85865
85882
85925
85930
85942
85960
85961
85969
85989
85996
85997
86008
86012
86027
86051
86053
86059
86062
86064
86065
86071
86072
86085
86092
86093
86120
86140
86161
86164
86167
86196
86211
86212
86224
86229
86244
86247
86259
86273
86294
86310
86318
86321
86327
86327
86335
86339
86347
86368
86369
86379
86381
86387
86400
86402
86410
86415
86420
86434
86442
86449
86451
86472
86493
86498
86501
86502
86512
86521
86528
86553
86557
86563
86572
86587
86590
86602
86609
86609
86615
86623
86630
86645
86657
86677
86689
86707
86735
86738
86745
86754
86759
86769
86793
86796
86806
86810
86849
86851
86852
86860
86879
86894
86896
86909
86910
86920
86921
86936
86942
86943
86999
86999
87001
87007
87008
87010
87011
87041
87058
87059
87086
87087
87092
87098
87110
87130
87144
87144
87153
87169
87176
87180
87182
87201
87222
87233
87240
87249
87282
87287
87302
87318
87322
87333
87349
87355
87362
87374
87386
87389
87411
87420
87424
87434
87438
87441
87466
87478
87482
87491
87493
87496
87506
87506
87525
87559
87562
87564
87572
87574
87575
87576
87586
87591
87597
87600
87607
87609
87614
87620
87637
87641
87709
87717
87731
87739
87773
87774
87775
87777
87790
87791
87806
87823
87828
87830
87840
87842
87848
87851
87857
87863
87869
87898
87903
87914
87915
87920
87922
87927
87930
87949
87954
87966
87980
87982
87997
88031
88044
88054
88057
88059
88064
88073
88075
88076
88077
88079
88085
88086
88087
88089
88090
88091
88106
88109
88111
88114
88115
88124
88166
88176
88177
88181
88203
88205
88228
88257
88263
88274
88284
88288
88293
88296
88300
88310
88323
88334
88334
88336
88342
88342
88346
88346
88347
88357
88368
88378
88379
88396
88401
88407
88415
88426
88454
88474
88476
88492
88515
88516
88517
88535
88541
88543
88560
88576
88598
88610
88612
88637
88640
88646
88649
88669
88679
88686
88696
88696
88700
88702
88708
88734
88759
88782
88816
88817
88821
88824
88851
88867
88877
88900
88907
88923
88944
88947
88958
88970
88971
88991
89000
89013
89025
89025
89026
89048
89054
89056
89067
89086
89105
89122
89140
89149
89153
89161
89178
89194
89214
89227
89229
89231
89233
89252
89259
89263
89271
89295
89312
89325
89338
89344
89349
89366
89375
89400
89402
89421
89456
89465
89466
89481
89486
89488
89495
89496
89500
89507
89513
89527
89573
89590
89597
89603
89629
89634
89635
89652
89661
89672
89682
89699
89706
89711
89714
89715
89716
89726
89729
89745
89749
89750
89757
89767
89767
89773
89774
89775
89790
89807
89809
89811
89824
89829
89843
89851
89872
89875
89878
89894
89900
89904
89910
89931
89949
89951
89972
89982
89993
89993
90003
90033
90051
90053
90064
90068
90074
90080
90095
90097
90103
90121
90134
90138
90140
90146
90149
90160
90170
90170
90193
90196
90228
90234
90251
90254
90257
90274
90289
90318
90340
90388
90389
90390
90394
90408
90424
90428
90441
90447
90454
90473
90483
90485
90497
90504
90530
90534
90542
90543
90546
90548
90580
90590
90592
90626
90637
90643
90676
90686
90687
90706
90706
90731
90732
90748
90751
90760
90762
90767
90791
90821
90825
90852
90863
90863
90890
90909
90915
90924
90932
90939
90953
90979
91016
91039
91045
91049
91105
91107
91138
91138
91139
91151
91159
91180
91193
91212
91213
91220
91224
91237
91245
91247
91258
91259
91263
91267
91290
91315
91315
91338
91341
91342
91350
91390
91414
91414
91417
91423
91423
91436
91442
91471
91482
91488
91491
91495
91502
91509
91533
91538
91538
91542
91571
91573
91589
91611
91611
91622
91629
91632
91637
91639
91664
91671
91677
91689
91694
91701
91703
91712
91714
91718
91732
91748
91762
91769
91779
91806
91829
91833
91841
91854
91856
91865
91867
91870
91877
91883
91887
91888
91902
91907
91909
91926
91927
91978
91979
91984
92002
92015
92033
92040
92050
92052
92058
92067
92071
92088
92091
92102
92124
92133
92137
92148
92151
92151
92156
92162
92170
92182
92187
92190
92202
92211
92223
92255
92265
92266
92270
92274
92281
92281
92285
92287
92292
92301
92304
92346
92349
92368
92371
92372
92389
92399
92408
92417
92421
92423
92424
92448
92455
92456
92459
92490
92493
92502
92515
92515
92536
92572
92585
92596
92604
92607
92627
92627
92633
92635
92646
92651
92658
92662
92681
92687
92687
92700
92717
92719
92746
92750
92759
92762
92780
92784
92793
92793
92800
92812
92829
92844
92846
92847
92849
92852
92855
92907
92925
92934
92956
92970
92976
92981
92984
92989
92993
93008
93022
93031
93039
93046
93049
93050
93055
93055
93058
93059
93067
93081
93081
93086
93089
93090
93095
93122
93137
93139
93152
93164
93168
93175
93188
93220
93222
93225
93226
93262
93270
93278
93282
93316
93319
93322
93327
93351
93367
93378
93381
93396
93404
93405
93424
93435
93439
93450
93469
93478
93499
93512
93516
93519
93524
93527
93551
93553
93556
93556
93556
93637
93647
93650
93652
93660
93662
93676
93698
93699
93721
93726
93730
93737
93748
93749
93754
93756
93757
93757
93758
93764
93811
93817
93817
93835
93846
93854
93856
93882
93886
93888
93933
93939
93955
93962
93970
93987
93991
93993
94002
94017
94020
94037
94040
94046
94070
94078
94085
94089
94094
94097
94101
94114
94116
94124
94125
94139
94164
94198
94201
94212
94229
94230
94245
94256
94258
94276
94290
94301
94311
94334
94341
94352
94364
94392
94396
94396
94399
94414
94418
94426
94426
94434
94477
94479
94483
94485
94485
94490
94515
94529
94534
94536
94547
94555
94558
94603
94611
94625
94639
94646
94652
94654
94664
94668
94674
94674
94691
94692
94696
94701
94706
94731
94744
94752
94794
94813
94818
94822
94823
94841
94843
94852
94861
94866
94871
94884
94906
94910
94926
94930
94932
94942
94953
94954
94965
94973
94978
94990
94993
95013
95027
95051
95063
95074
95080
95082
95099
95101
95113
95126
95127
95134
95140
95140
95156
95157
95158
95164
95167
95182
95198
95207
95219
95229
95242
95260
95277
95286
95292
95294
95311
95328
95329
95338
95366
95379
95381
95382
95384
95384
95393
95413
95426
95428
95430
95446
95449
95450
95461
95472
95483
95484
95487
95489
95493
95510
95516
95531
95536
95536
95541
95559
95580
95581
95589
95593
95597
95598
95603
95607
95618
95631
95667
95672
95683
95685
95685
95705
95709
95728
95728
95729
95734
95742
95769
95785
95786
95788
95790
95796
95822
95836
95839
95855
95876
95880
95883
95906
95912
95923
95934
95994
96005
96014
96025
96034
96042
96046
96051
96057
96059
96079
96084
96089
96090
96091
96107
96120
96126
96129
96142
96144
96151
96155
96164
96185
96206
96222
96224
96226
96227
96240
96245
96255
96269
96277
96280
96290
96298
96307
96319
96329
96335
96345
96347
96350
96364
96366
96369
96391
96393
96394
96411
96425
96450
96461
96462
96468
96474
96480
96484
96506
96508
96510
96539
96568
96574
96580
96583
96607
96613
96632
96639
96641
96646
96653
96672
96677
96684
96690
96705
96706
96717
96723
96739
96752
96756
96758
96761
96782
96814
96818
96826
96832
96846
96847
96851
96861
96867
96878
96909
96932
96950
96969
96971
96979
96983
96985
96987
96990
96997
97008
97027
97036
97046
97073
97076
97078
97081
97084
97086
97093
97094
97099
97099
97100
97103
97110
97113
97138
97169
97225
97229
97236
97237
97239
97264
97274
97274
97279
97281
97285
97292
97303
97355
97364
97377
97389
97394
97399
97419
97427
97437
97447
97457
97460
97473
97475
97497
97531
97564
97586
97586
97593
97607
97622
97650
97664
97668
97671
97677
97682
97688
97700
97706
97706
97706
97708
97723
97730
97738
97749
97751
97752
97752
97753
97756
97758
97759
97771
97779
97780
97793
97804
97811
97818
97832
97853
97873
97888
97891
97893
97905
97912
97915
97923
97936
97937
97954
97965
97970
97974
97975
97980
98000
98006
98014
98032
98054
98069
98072
98075
98089
98121
98125
98137
98155
98173
98175
98189
98191
98213
98214
98217
98229
98238
98240
98244
98249
98251
98266
98269
98269
98275
98276
98280
98283
98285
98287
98288
98289
98303
98305
98315
98327
98328
98331
98331
98343
98346
98347
98351
98357
98362
98400
98407
98410
98411
98418
98428
98432
98432
98444
98446
98454
98462
98483
98488
98489
98489
98521
98541
98559
98602
98602
98636
98646
98652
98671
98693
98695
98698
98702
98709
98720
98724
98727
98730
98745
98746
98746
98756
98775
98799
98801
98812
98826
98827
98828
98838
98843
98877
98883
98885
98886
98890
98893
98924
98924
98933
98943
98948
98955
98960
98964
98973
98984
99014
99020
99029
99044
99045
99046
99047
99048
99055
99071
99077
99078
99085
99089
99090
99092
99100
99115
99120
99123
99126
99127
99127
99131
99132
99139
99147
99182
99195
99199
99208
99224
99226
99233
99245
99250
99252
99260
99260
99270
99271
99287
99293
99304
99319
99339
99372
99388
99400
99409
99409
99427
99443
99449
99449
99458
99461
99462
99472
99476
99481
99505
99527
99529
99538
99555
99558
99562
99571
99574
99587
99590
99599
99637
99648
99666
99671
99693
99695
99701
99706
99719
99730
99734
99745
99754
99794
99807
99808
99815
99816
99816
99826
99859
99867
99881
99884
99912
99914
99918
99926
99930
99944
99945
99979
99980
99997
