1631
11364
31669
867
24751
25333
18292
34095
21681
21846
18548
48210
40550
16485
31031
11256
19253
28258
21309
8604
17834
7997
18151
19094
47840
29869
1166
31338
23875
33531
45178
41858
44894
43199
42724
35996
18531
27368
20090
6564
49213
38637
21125
39762
5121
18508
17369
40726
13117
38677
15681
47302
13025
33831
16395
27217
13700
33912
8554
3926
17442
20083
45783
28688
13281
4859
14683
48164
32226
34773
4727
31438
39761
42203
37551
11234
10710
4920
18311
23827
9948
33991
21128
39325
17821
37523
16541
47872
37786
25094
1798
5228
11528
47580
33915
24809
2438
48597
22972
34663
49721
44050
32452
39482
36252
20003
715
46962
24922
19025
20788
1221
19367
8267
6897
37187
12141
23437
35059
49927
14882
36856
5154
26410
787
39068
17570
19577
4016
40541
20591
3737
942
3043
43218
37193
23045
10284
34154
14318
45660
21293
31890
15026
45912
38787
2212
8052
28575
3622
7978
9809
6829
13131
2570
23968
18550
20139
43544
22566
27031
30486
42654
27972
33528
2223
15164
22924
12506
15670
3593
24517
3314
35483
39542
49225
40621
8105
7277
35547
28079
15254
45355
34907
44737
47924
8874
29638
18062
18769
18555
11444
49255
11208
39415
49134
13430
4579
38410
42287
20248
42002
16803
39913
43836
6344
39138
808
30801
46414
36355
8879
28019
31709
43785
22755
45985
19011
18745
14046
4131
37299
25490
19737
48507
31256
18871
28288
35834
23632
20575
22433
15633
37377
12346
25821
10073
17835
26628
40873
14248
12982
16103
8618
44691
9887
47725
40675
45249
16469
21072
15732
3767
12913
35468
2273
44169
20690
46913
46354
44321
17487
35139
26306
21215
13836
2126
47639
31670
28753
38511
12269
8087
4613
20886
19129
30852
18610
26155
42452
35078
47226
24535
5197
26491
10003
23821
37011
47044
20733
49716
41365
4571
34854
34022
25786
48689
2499
23424
46710
31251
28287
8978
39337
49251
29864
24817
46454
14825
971
38906
16255
14549
13440
21451
41039
39794
11623
44401
36838
32356
44116
44554
36926
45322
44927
29063
44010
47425
2487
40720
45027
30773
16049
716
30023
45912
25532
42829
27089
26503
31734
43343
41051
11525
31145
48441
17671
42767
42841
20860
41474
3308
31765
28400
48629
26691
7462
8991
24115
26300
16062
19141
7072
32110
36208
3447
44374
11740
46275
21462
38242
44360
14804
45644
22236
12300
44084
6258
5066
3276
27117
46540
6583
8881
41291
5212
1923
15104
14202
42389
41404
46615
27882
14827
28724
14089
18273
23097
25828
30899
44558
14069
41610
25713
26064
13846
38012
20147
36455
9430
23422
13572
5969
46357
38804
13611
1568
40727
28714
32121
49467
20117
28735
27348
34944
23810
41437
19568
46907
17264
467
7816
47685
8428
49881
23748
22273
4244
43895
25080
13673
33668
38651
35993
30024
43806
49603
47943
884
28317
46415
351
14785
41501
27698
49728
31663
19134
19296
44921
2750
36114
2736
434
44541
18968
40533
33166
23212
779
8245
3236
34447
13247
5581
30822
7052
5183
45117
7936
49851
7883
24638
14636
15736
2335
30715
47398
37821
10
42318
40570
2475
11405
7355
13368
30373
47887
46533
19936
48666
21129
39523
49464
34375
45103
46637
7778
286
8105
15713
16488
15988
6702
31123
31723
25389
11838
45472
13209
28199
37789
20130
47026
49193
43836
10393
45917
8074
6925
32204
23091
28053
21727
38906
28779
16829
35543
36556
33466
9999
18621
49954
25986
25322
47428
24060
710
25617
19531
30270
3816
23671
16751
841
39216
26938
27585
35132
35012
34509
17336
24454
28913
5414
13360
7691
22242
15254
10598
22060
25252
29218
22013
17590
4540
35792
41649
21601
11409
27532
18223
31576
1202
34973
48768
40417
28263
26352
41901
13274
27212
25588
37727
6124
31001
17438
30166
19594
32691
40763
41653
7943
36333
30017
25532
7224
15809
33532
28824
43569
11063
13398
25144
28617
14723
23911
19033
42985
262
27285
6258
27473
2872
10336
49948
224
44126
46465
19818
26816
3579
27822
1110
39911
7839
42993
47134
39999
42877
42310
33567
3939
22059
8710
48907
36781
32620
17940
29765
49233
11576
2374
43057
14448
29062
43004
31023
23187
5820
840
16354
9398
28662
17464
49309
2852
26808
12794
42850
19684
21455
26416
39975
43514
35125
38881
30294
34096
23172
26411
49680
34748
28784
42736
15547
24197
2091
46569
47383
7910
13761
13737
17307
42422
47552
32967
11625
40711
12113
4474
10395
33567
47241
16721
43432
48717
5601
40078
32812
45125
16488
48843
29872
11623
41578
11770
2172
43668
8338
49554
1577
22098
29642
35235
30871
43545
34554
42495
34256
46666
13320
44650
46584
10560
27722
40016
9276
49674
46445
8439
44798
29284
7281
41021
7258
48858
2790
9429
8877
11128
25335
26805
49577
4976
12040
46800
48521
46593
39294
32776
9610
2614
43777
6193
13173
21498
12560
38801
37523
25356
47239
32321
4639
4520
23341
28249
19729
26131
37677
28606
3610
29363
5410
19538
34339
33801
16337
49211
46745
21983
48338
6354
24596
42114
28899
4120
29963
7810
42920
17485
33166
6511
16157
4156
11030
39498
48756
30758
31980
36433
25715
1941
15795
31125
37830
16485
14925
4167
15695
28022
26149
14032
34375
17096
22497
29625
37567
18811
37435
46839
2648
36952
3349
18804
7459
30730
24653
6215
27839
22984
8999
3554
41276
41145
34678
29106
23982
15954
49624
6028
43975
25772
20060
44702
9219
8908
40678
46785
27719
44464
43623
46718
31415
13323
15521
5226
44052
6526
27792
21891
29509
36790
25444
20785
44286
26473
49890
18267
42426
49513
40647
2753
41636
27058
13806
17206
35965
4483
30342
30035
48947
23965
26752
46713
37287
8625
1938
47691
15150
46081
19581
11010
32870
11376
31794
43508
37848
48035
28126
46625
13899
18772
15729
21886
45829
29534
39091
48146
34017
19433
44532
49315
9749
37636
46027
13387
46260
14317
27429
27761
10397
47009
38770
9619
24736
36916
3126
28935
1302
47603
25560
31553
32727
41288
3438
28555
37174
8881
43052
21190
44665
37584
36856
20765
25219
32882
503
37830
47198
27932
15590
23947
41292
20711
33565
16028
23978
3042
44962
25280
644
36873
6832
33370
44513
26621
28277
31686
35501
37680
19227
46517
25263
6082
17281
16833
5315
17784
4662
18865
12067
20251
42811
3358
7314
26375
19385
31291
29416
30699
6570
46411
33923
29753
46133
28435
6374
24409
26472
8226
12088
45698
4743
3703
18131
38375
20535
39798
22510
25197
8662
34576
11799
1472
37934
35464
27846
23670
16755
23613
20720
39676
20023
4643
35781
16155
33077
42154
6915
25901
16731
35355
37950
21473
39057
6081
26200
25943
45878
48709
1139
20891
49637
29290
22362
3922
14753
16559
27591
31507
40171
48311
37535
26545
19305
23315
9052
18733
31820
32318
44633
48550
17672
32583
36375
23080
5015
12574
49023
17244
27634
16513
38134
27270
45802
10495
31191
26907
27053
25134
24765
33575
39796
12299
26471
9100
1965
35522
44184
33784
17840
38817
32334
1863
21399
35060
24943
42765
47633
40317
10008
41618
23181
48141
35240
35335
24987
32782
12241
18391
7915
37005
18317
14062
15656
44787
39513
17620
46661
33697
17756
14500
22513
16441
32714
10263
1500
24008
3027
15484
30676
29386
7101
3857
27526
8692
39191
18864
41474
1431
37254
15740
4787
5570
29802
36794
16708
19314
20766
13368
3010
38521
44219
25522
4961
26933
2136
22812
940
5162
38295
31616
34547
11747
1824
28424
20439
41014
13639
28264
8796
892
44003
29934
22813
23804
16728
39521
43118
37493
19240
12479
42365
13459
38001
13677
40391
6488
36488
7682
11650
41134
5649
12548
19232
7472
7324
6022
14837
20962
34285
23632
38206
28288
3566
27370
18443
36645
33242
11560
40489
2482
24039
32853
32292
28391
12881
22682
34878
15720
46715
12879
6853
2364
41779
42436
26187
15454
48458
41024
2767
32742
31007
7324
27381
34572
34694
45824
37568
34287
23735
28056
3120
14125
27260
35411
8867
6492
24444
10097
22211
21159
39327
45415
39874
31105
37851
32412
12910
36308
23435
15677
35401
4442
39352
29134
5365
40397
24957
9285
24684
15043
3692
27803
29168
30952
13214
38034
37443
4009
14482
26006
41519
3809
21420
31392
34913
9270
30156
14175
11929
3590
46203
47330
24383
35554
42815
46100
25951
17771
5384
16986
49165
9075
11140
28332
6378
24353
32718
10173
44714
47199
36178
36232
1007
7597
33976
2272
16867
14131
32798
28795
34072
29000
42476
8455
30905
35290
4554
23207
19412
9937
6544
18577
35363
17684
13260
41741
8388
12329
1913
3101
25880
38090
39333
43238
45686
39660
11861
28904
3790
44658
24051
37861
40009
16526
12667
37266
18168
33572
26824
3931
9860
33368
38859
45223
1051
18471
3315
9438
30799
5227
12539
6678
9668
18223
16268
5353
7882
28128
609
28023
39138
24659
15883
45498
7536
44902
32763
42055
44825
25939
45986
4685
9306
1196
16259
10356
19666
19573
19793
465
24799
48683
23494
818
16905
39761
22522
41138
34241
23130
19160
39730
14140
1395
35227
21676
46296
34342
30082
7472
10280
42419
12156
19585
43615
44766
46292
13280
14338
16084
13744
5488
31119
3590
6305
48023
9702
28827
5513
10294
18308
24672
23
32448
26066
1602
4123
38713
35943
556
46185
12574
42975
24692
48510
36589
19458
44801
49868
147
27236
29964
5635
8354
33553
28291
22729
9606
23469
28241
19900
41777
2912
36274
24224
45330
37875
44698
34042
23817
45253
46578
2742
38227
21270
1251
41167
7079
46051
41035
7225
23287
20998
29211
47992
20902
7502
20720
46859
30970
15312
16758
39098
34576
3032
13321
29905
7258
24370
30298
47427
19623
26876
168
24201
14497
1419
15368
21575
13821
22754
45151
3459
10103
24362
1451
47356
31863
22170
44214
29184
3834
27324
18282
38409
46707
47954
18313
3964
38676
48610
1390
8298
41837
1558
48850
22685
19328
30569
44259
33148
3322
39410
36607
29776
13771
4409
27131
11985
26578
37697
7520
46763
15020
42153
35171
28078
6459
3483
32041
45134
18445
49783
19783
26633
17692
18632
49318
37019
15553
9928
36518
35226
15689
39476
15002
45811
43884
42132
24147
36814
46180
31667
33576
11199
40171
18747
39276
46629
38581
37669
41762
23377
37451
27896
10
5142
46528
15679
8512
28432
25606
45029
13657
7647
34505
28658
3457
44740
37142
27604
31553
33321
25622
15129
10872
15792
33875
16499
28773
22455
4167
20534
45832
7969
48430
12193
29462
11309
44223
4325
6092
36180
49354
19748
43826
210
14758
47283
44949
18251
41238
42854
17923
16859
7982
28794
49002
41856
11645
27774
30662
32163
14660
42845
40132
29441
21389
35945
40749
15611
40270
13192
1791
5975
32939
45616
22536
14048
9250
33836
32298
16839
26689
16573
49
34670
45366
49051
26525
23362
26824
23539
5525
41483
16383
12008
20923
37772
47952
28023
19734
38221
41214
21524
44195
40505
33492
33082
4552
9093
16918
3202
25932
43606
19774
25980
28276
31491
25030
21152
4853
18206
44690
26729
9688
27425
38736
46963
31548
36687
41337
1281
41260
32551
39157
1806
39407
22648
34888
43958
31740
1805
13511
7671
11762
49636
3
40037
31127
25032
27541
2331
43237
22230
29059
19277
16006
34146
32591
13905
37184
23927
31538
44795
6477
20694
46601
45883
43341
47840
6193
41432
15996
36055
15455
27757
35691
15457
17794
16817
40488
11686
35499
77
33915
30909
35705
16273
15054
18295
30177
18589
42221
28066
13384
15050
48759
26336
27284
8451
24175
49828
49883
6522
35883
31689
34278
21573
47145
18423
4741
3984
30108
6591
20412
30375
37499
6116
12999
18904
24410
9527
37492
32983
37593
17227
48032
36351
43562
25315
44802
17736
25143
11036
24257
27377
9076
24887
15301
6220
43309
20041
26555
39769
42983
46967
20143
30481
3082
49493
15736
43844
9019
19579
26826
46611
36806
24857
32962
30367
16523
44115
14455
8017
21502
5063
35393
30577
29949
693
3148
39610
37085
29702
45730
30067
26668
32224
26899
46102
31716
8986
39945
40734
28565
16770
37345
15370
7978
36658
12088
24500
47124
26542
48869
34977
31605
34261
15553
27905
1306
35052
33866
4742
14753
29595
1161
7773
11818
28059
3874
9885
3397
43818
619
31961
10587
4315
13682
34916
40972
25769
25767
4447
2311
24635
39423
267
25248
21327
28171
42905
6378
28389
47646
37482
7983
48806
45254
36153
43217
49127
46037
46613
42944
13007
44925
19882
17321
8606
4797
24644
34374
30564
29090
36684
5198
34864
3302
46797
6190
31473
39701
28919
9861
37347
16401
34195
2504
11654
36699
12072
10781
49088
25036
3724
12094
19960
39958
45767
28565
44754
36762
29291
41669
15852
15974
13219
17067
19276
10015
23257
17100
49716
2175
43312
3414
34927
27506
22269
46581
30557
34341
7361
29644
9376
27436
41737
29336
17393
3855
24252
28499
40617
3542
20167
22820
35868
33385
39886
21495
9752
29494
38594
9467
48021
48257
29232
32947
42114
1500
29527
22670
35840
3239
2313
11568
47027
10402
7255
30771
14256
31506
9269
4872
35048
45788
27691
37267
45524
17577
8761
5275
47070
47354
31093
11442
11962
10324
44389
4075
28176
23915
26745
30367
43506
29057
41934
40532
39458
49188
37654
20066
47046
46923
24937
48445
9062
18980
35711
4585
36556
44471
9860
49977
8176
40952
11419
20137
17628
22159
24211
12155
12425
17307
42521
5930
46364
34455
12813
2173
49994
467
22238
47039
13741
13527
45483
22802
32506
47545
27386
35413
42015
3597
1741
16542
44549
29511
36678
28528
1669
27241
40682
14094
44547
33202
36375
7262
34008
49188
9435
354
16006
48024
47392
29746
27902
9227
18899
10407
6771
12636
45819
15138
16233
13912
31679
27133
43422
34709
5660
45091
11949
12693
9184
22847
45894
45558
30109
46254
11097
5895
46607
27102
20270
10350
23199
48172
35928
8449
8578
9051
21085
20749
24188
37317
34660
5866
14449
28081
40574
20108
23171
18874
49152
48706
41721
45045
10616
38181
7650
21712
44075
20608
15166
14344
30958
4716
12515
33237
13165
37445
42287
34249
24545
16474
37917
25556
38692
2365
3636
45617
38824
43159
14491
37975
8216
22563
49371
18831
10743
23373
6895
21169
43980
22060
1864
41289
43127
30731
24526
6291
18175
16812
6891
9071
49638
11159
34626
38329
29875
4613
33945
35050
14123
14787
39376
22339
3701
38747
7521
14443
28471
14415
1963
22450
2826
3827
13739
45953
34557
4616
18595
19083
21427
25486
28153
21064
2996
29130
25744
32871
33742
9689
17920
14217
40827
7296
36555
44528
12394
10427
25322
40864
41194
27285
13313
44019
47463
43403
39971
32019
48018
24918
1101
35797
16755
45605
6860
19750
24734
48956
2620
24827
8644
20540
39043
15822
27835
41949
10349
6580
2376
2023
47443
43569
45659
27107
3939
43121
20510
10262
41491
34879
35179
8943
20675
1933
20899
43887
21682
45632
42842
24302
20458
17837
11193
9501
33658
5379
17801
10359
11958
20176
28733
9400
30096
24391
2858
34035
33863
23367
44296
41705
24598
29474
647
45272
31406
21545
5510
19439
33528
48351
43740
20337
32539
21284
46189
16197
26662
13990
42907
4971
34165
21639
30722
14261
12381
33580
14647
46243
23298
8942
4299
47895
38415
4945
43167
36172
42841
15028
5610
26368
13379
15702
46704
45917
3337
42893
28465
46351
6882
37723
1321
7398
25713
32043
38010
38093
15622
2656
687
38919
11597
4985
3166
16363
26281
12684
18886
19121
27711
24496
45488
41089
6549
8544
3358
9885
1436
48174
22587
24669
2249
23908
32066
27961
22302
20076
32406
37923
39083
33092
43193
680
4429
12710
33394
30709
25393
2280
16182
3104
43127
28021
10544
49675
36564
13901
25911
4351
28427
48498
29019
30675
38757
27437
24987
11058
13864
7392
15332
2946
6836
24876
19977
27616
37586
3371
8324
12978
5650
40857
16081
48776
18878
42977
14802
21793
23229
7064
42496
1655
21913
37866
48681
27021
15302
40020
38078
45517
47411
3409
48463
20598
44637
18439
48213
32222
21809
22889
11551
43810
13745
43984
8937
48974
36960
23738
20767
10188
47154
13262
28195
19066
1127
26875
46087
32781
33246
516
28297
30657
20277
26759
1254
14913
11550
49467
13486
49710
22355
25036
43520
2451
19019
2456
1425
22330
42546
22191
32518
39699
1804
10712
25116
19282
3938
37554
2062
37184
4422
30359
34192
24698
23469
1797
39610
1370
17615
19447
1080
39969
44482
10951
8772
29853
13406
10196
2182
22303
48738
1051
28353
16893
11762
3469
36174
32052
7374
38236
35587
11795
34946
19778
2844
24766
37926
8805
26136
5541
28251
27215
11861
22733
38165
20632
2585
17922
47179
21118
40225
45916
22169
34929
12808
282
38397
15334
32333
12123
3569
34271
40269
4866
20400
43113
29631
8326
1917
5766
13866
30168
49332
25726
2900
37496
12710
21836
21770
9888
42953
28346
22156
31473
13274
1315
31755
18023
16648
14087
30145
36568
14710
36765
41433
35109
29877
21064
43434
31794
43181
23651
28313
42513
15729
47564
46360
44790
19399
18129
4677
28703
12826
43184
10176
42452
44499
41930
10474
27498
22368
6970
30418
3429
43734
21850
38538
23611
9265
48323
21756
2446
38326
68
11310
4054
47631
7669
15195
33381
42150
19871
28435
4975
29407
38610
47426
23905
46891
24251
17754
35611
31220
48171
39039
41306
36373
43928
31268
45637
8603
3023
14434
46928
19442
42095
17333
17072
49764
32527
16804
8265
18749
45238
29591
48155
33848
43369
38411
47090
17619
22517
49052
15191
20687
4443
6496
7059
48370
4115
19048
6972
7137
49833
20251
26578
41928
37583
10001
8043
36461
26804
32659
5210
22041
12249
19716
22240
5617
24479
35682
39588
46995
34733
21130
17681
5527
43977
41092
3897
48091
26491
27220
5227
42675
13823
48156
954
1405
8156
8996
4218
1311
41654
25779
23351
20255
45494
11943
25871
19972
47624
31810
33318
48708
2939
17351
4235
46915
24794
24483
45005
1284
18054
16583
10310
31876
14738
11264
49633
22893
36611
3850
40555
44617
29628
13906
14871
41473
42200
7093
27797
39823
38903
11114
4882
41841
28464
25468
5108
3257
16302
112
20892
34356
16695
31202
32583
47784
42465
32215
37029
29075
2416
27583
40043
48395
41488
4913
39868
33687
12006
34016
39861
17260
11481
11095
25452
39945
36562
30559
9553
19216
47023
46797
3571
30069
27998
36153
27852
36814
34720
14880
32240
37135
42463
22283
1882
302
43547
8101
341
21904
42116
6553
39163
3596
17647
30967
9892
20561
27877
19445
39776
41251
32593
9698
21319
10590
12202
15523
13755
46921
30402
45994
408
39216
34628
2289
39518
28175
26741
6210
78
18856
12762
5593
38803
46761
36559
48695
33673
14435
34491
39800
5686
17083
49497
43356
44024
11698
8878
7778
24971
5632
20123
41730
44847
4751
10370
716
32925
37110
6925
33002
22317
19687
4946
11119
16447
41504
26165
16471
22291
27007
6270
27976
44089
5766
37683
4464
33815
46561
28593
25137
2192
48716
33218
47038
19818
43587
47754
2742
30696
21030
2095
3012
40716
7041
30483
23514
14896
6647
39984
37186
33654
12605
31513
44094
34722
19196
14910
34889
15756
43502
10025
34299
8569
43243
47688
28386
3181
11793
31127
33877
32823
49574
3240
23538
22966
33722
13404
37861
6721
19739
25047
40374
32344
22911
819
17065
42106
15728
1953
24213
9230
28330
24863
34150
37924
22551
12536
41104
34343
43662
41332
17165
9587
10924
7055
32552
10997
20458
20413
17717
6548
11811
24442
38891
1073
41613
22308
43179
7340
40612
33743
32921
18941
8606
17071
23216
47508
29606
30672
31850
39619
38355
15367
15558
49278
38773
48109
26627
25582
34873
10695
32129
13035
1489
21020
14108
43101
9679
23638
16792
290
23732
49713
35583
48689
33135
8798
46196
29092
5821
44398
35062
44176
26116
619
9805
14888
15080
36431
40469
16304
13478
22597
29339
14966
9968
9798
8066
19646
33435
24857
19936
23518
40921
5518
22207
40407
30667
18402
19498
36488
12799
20912
30663
38914
21530
6819
20153
2961
43250
10621
19265
6727
33218
48603
38044
9537
24752
46109
29183
24538
20965
15470
48055
28238
37339
20261
18644
18005
38663
4494
20844
17813
25405
17858
23079
13286
24677
43231
16247
34278
20204
35511
7356
19773
465
45399
29309
25216
41507
24843
16105
28823
40312
14159
7060
44002
34420
42056
28359
39434
46549
49202
7246
21953
17060
46676
1590
41736
6259
17836
26013
26462
19698
49720
46234
36514
45118
41894
28081
36624
16737
44185
31798
23400
8344
38858
17402
9115
30913
45760
48548
43813
11313
22145
32117
28372
18821
33706
36459
41431
1542
28823
34244
37591
28542
30477
40457
40011
38722
18537
26634
5458
12722
8432
45210
37417
13641
12611
46531
10905
24722
45078
4717
2386
33574
36833
30758
18746
36890
33568
10176
4783
28743
44419
42374
23636
41247
32830
13647
46321
17718
40280
1778
46791
15063
46987
34207
45055
25949
47089
22311
17022
8518
43379
19408
42092
30211
16517
10837
17101
84
37365
21883
45178
48135
30608
18814
5734
29789
32460
2054
47507
39091
20183
10649
20506
33522
44856
31912
9470
8296
4223
42844
16814
47601
12251
25257
44164
45119
2445
27616
11554
39809
15850
6732
4296
46458
25545
26381
42598
24356
28434
6456
29798
48616
17105
303
48489
28312
32215
24311
36607
2789
17154
19772
389
45756
45028
10904
40874
47473
38519
2427
3633
4369
9158
24280
17178
1054
660
26127
25409
29093
32583
5207
44061
49687
21861
42549
27998
20427
33211
30956
23215
364
728
39956
46119
12107
17211
36992
9579
5730
39419
29564
26450
14928
20195
9979
15982
20855
36105
7742
16299
35039
29300
26711
34725
1161
35612
29074
37939
18822
26382
27506
19186
27109
33813
31656
39215
1023
18648
15146
23104
24418
11061
49553
39345
31255
9531
5326
18461
11988
13068
34760
47026
42367
27822
48103
9879
13433
43528
14170
32255
19909
41675
17792
47017
25487
49447
2584
42861
34446
17729
15965
8863
28789
15517
48208
26395
41400
19885
44856
19739
32952
45967
16764
41671
23788
31218
1549
37221
24746
15718
35827
44654
23744
19970
41671
15582
35768
44254
8443
20214
28334
24407
29076
23474
39923
43635
49868
47674
13520
11075
17412
12823
7041
528
4493
30829
31745
22394
34401
6490
4463
36579
1144
28207
6548
9166
10140
42315
19771
18582
28880
48104
42988
24308
37929
49263
17942
4148
46936
47813
15223
14348
10636
38615
14875
31480
35795
46619
3873
20195
19461
24688
23125
20604
19246
29672
46121
29385
38339
15891
47967
33570
30346
40954
7877
18274
40216
42171
38773
3504
39983
20347
17851
16970
8962
49077
48450
44756
12047
18674
31303
31507
43361
4427
18462
28958
451
14582
8343
5141
30472
22661
38710
27169
13614
12939
11794
20182
5109
567
23685
11443
20913
7887
28413
29874
23315
43214
40982
35361
11887
22284
33220
21600
43062
1681
16909
9864
16263
25251
15004
13086
47911
20066
6607
27877
33004
18400
14410
4464
18966
4446
15906
6231
28684
10670
2456
1998
3883
43437
37358
32122
32072
20577
20073
41486
38610
36981
1349
21224
28584
32705
661
42846
2770
7267
20722
2125
25667
1483
6588
10984
5928
38845
17214
34611
49515
36022
2960
19749
29458
40318
18222
27882
27246
4646
19367
15855
41627
20715
3430
20210
3419
4091
13055
22540
11357
129
41016
3375
17963
13955
14359
40243
2800
47924
41205
18666
33945
44165
4766
29755
834
22988
7636
28079
27633
43354
10286
35611
14068
30067
5820
33839
34157
35227
22730
45514
1707
13746
15240
36021
27700
45950
26263
46851
43874
17468
15516
44170
11632
20282
40276
12465
43269
14263
6895
37253
7616
33532
22864
21684
13599
45035
21874
47755
46613
44603
9620
14671
24700
24860
692
18752
20809
26954
15602
31034
44421
31118
41556
6052
1399
31831
34868
11019
46094
8115
48271
20061
41646
37486
41744
21596
32521
29969
35703
29133
40924
11674
43804
15623
2885
44495
34374
23694
37800
49976
21079
32221
47445
28986
4624
48843
27169
39492
26213
39614
13958
40835
9674
21955
28321
1418
43551
27193
47738
45605
22677
38661
7278
16480
4284
10163
27326
5009
208
31478
21336
21286
13698
18780
16624
34673
17622
43792
24164
10186
33405
4473
1021
43078
26428
45693
10847
19978
22885
8585
15582
45561
47245
39211
28393
17880
49373
22070
39241
49580
3547
10576
37218
33596
29356
3841
18269
13329
47632
8784
23515
31036
13257
40887
40465
39684
36579
1312
26013
25815
9896
7946
21375
23492
47156
16119
7724
12881
4541
46964
12460
8087
7539
16029
41683
36894
19869
26303
16575
33852
35086
6441
31239
48342
47327
21704
4377
257
39367
46741
42423
15614
4686
30149
39105
18194
46268
46828
31074
808
10143
9885
25246
17682
25914
33280
20927
12134
9582
37501
12338
44668
10293
43576
9361
7619
31631
13738
24227
20997
26830
16649
36610
47868
46798
42067
16061
9417
5246
13486
10224
15389
39722
1821
33070
15635
35101
20348
44121
44682
24201
6458
39349
34493
16385
15062
42112
48016
45151
32690
35364
21980
49339
38326
19847
12488
30392
2259
21904
1989
32096
48479
17377
21818
299
446
3804
35399
37146
47924
46433
11346
20733
35781
45838
37118
17194
4301
1485
12344
36991
36848
676
2681
41525
20522
15168
38268
39133
3423
40257
21228
1901
7633
43045
18551
24431
13201
20302
11576
11124
16734
22921
48209
18866
18758
35326
36060
39411
36810
48403
26401
40009
49078
29081
47886
35952
10600
36153
41436
14022
26409
12663
32274
394
22060
17176
24824
1612
37477
36399
12735
4210
25671
10943
23076
10780
12620
9135
190
15781
23889
26590
22142
39319
22022
20027
41622
48973
6179
33057
29346
48940
12071
11619
49333
482
28795
24156
2093
16271
26906
31180
36833
18928
8474
9908
29707
21094
35394
46249
3226
9282
39190
25367
14952
27564
45393
6573
26536
17924
39629
5882
16863
18052
33852
32547
18533
12646
6702
36978
45269
49959
18157
32101
35238
26630
8360
14944
14075
43753
27544
17301
3034
16734
9019
34338
44297
20764
40910
20832
38687
46891
43065
21901
14942
26917
4447
49826
5914
27500
3155
1182
27458
21311
49634
29047
14293
24345
10342
44719
18097
37886
28371
37483
4619
37390
21820
15267
8153
29081
2450
13191
25971
45515
35091
7264
22431
39537
7090
28344
17036
26596
45878
10845
47907
11863
39891
28551
36208
232
39621
20656
4469
17992
8138
25439
21733
46309
40705
46237
25390
9507
9427
1360
5021
10869
24976
43803
405
48417
38498
33792
25012
34375
10988
39270
12590
17230
17820
15149
33813
23793
35804
4634
41784
10294
30072
29868
22954
37129
26104
48343
46635
1882
16055
18007
12750
41030
28161
29506
5798
16658
29649
30809
17385
6988
20079
46326
40569
4250
11474
40733
28042
47277
45366
36177
23922
25438
16044
46876
28918
8499
11570
25552
10380
27624
9910
39481
35005
38070
18986
40802
21079
14986
37963
4815
21973
8041
1140
12541
28642
12613
3274
6684
26242
48639
42860
163
40428
25256
13390
19345
33754
24960
11248
10486
18935
37509
49966
3940
41930
35304
11093
13009
289
49055
34175
22262
7095
35315
1154
2089
14279
20779
8772
6872
35770
17983
23387
26197
9590
36776
11894
43344
11735
39493
20181
30670
27002
36498
961
18931
21801
28405
48291
38442
27460
32466
27055
906
34132
28208
2994
14762
48987
28117
21634
1108
46100
45020
27304
5689
48147
5549
15384
26234
45042
1916
23255
22043
38414
24215
7325
26566
2619
5616
15007
46430
4433
42061
47336
4916
20269
16681
19677
35607
44798
7662
3066
7249
2681
30369
12937
17180
35918
44673
43413
47311
46588
16667
19353
1353
40881
26677
27919
9851
48644
42925
22633
19428
34986
19968
24343
21606
3000
10372
23564
47797
18033
26629
5045
37066
23349
34334
4245
25618
45358
47657
22928
8297
14323
8632
9650
21555
35309
37568
47757
304
46844
20389
19732
31829
6708
44074
19786
9708
4445
9701
23856
38830
36329
28901
25895
26030
29586
30139
1647
24943
44147
40927
33239
24821
49558
9240
46375
1218
46807
10483
1522
10003
30872
37605
8183
3931
48030
27969
13638
18827
4021
37494
7656
6702
32746
33550
32731
28683
30040
729
19977
24186
41655
3215
49006
41213
28807
11732
8782
41965
22214
26655
1967
19437
14259
10150
23368
12289
4470
3357
31115
8490
7202
38770
15191
39947
38671
47921
34981
18710
15002
4957
42895
6656
8172
8252
14220
3330
19983
23002
45294
8548
49656
47261
27985
30267
7410
17704
42555
28231
21060
40021
36720
28262
45142
18263
34560
164
32535
19541
18873
47536
24497
28119
4192
49020
36370
34763
2349
22704
24116
47643
31251
40124
44903
25587
20390
18664
43290
29296
46894
30702
35668
49965
8963
47161
18227
9874
47324
762
29414
16196
14649
20263
10666
35192
19282
13387
19955
37983
36090
10422
1977
33692
545
13231
25631
37286
31894
18920
32933
45139
49621
18600
11455
24935
15760
46034
1161
13083
13147
30574
45630
27795
17188
22647
12987
2822
36033
49293
40804
38474
9714
42780
22166
26611
6010
14148
13896
4255
33067
13181
15745
49040
31780
43551
40326
13892
39584
41486
43326
2730
38412
5308
30525
5599
27954
9863
8420
13987
9155
15575
2460
35220
24706
40977
11830
47067
5124
42078
1321
4543
5258
33417
19934
3389
26968
26611
17280
32903
18097
26958
35633
22860
32265
32509
28458
26570
42371
3230
40556
17877
35156
9368
3096
9862
16696
14926
6928
38172
7003
24601
9066
28612
24369
45351
32000
1336
21961
49280
34239
40057
42589
36223
29268
41205
35083
7726
17774
43805
27307
24682
11681
28814
401
31128
38675
17096
46053
11955
21619
19407
2907
47036
48018
27275
42386
30018
44963
14347
45649
45553
20755
4589
48127
23
45793
33209
7748
13566
27013
1406
38247
38693
30219
38647
36172
35246
22095
48577
13552
10065
17983
16458
7101
32353
10084
49486
28722
5046
13832
40722
16950
939
45310
15076
961
7454
48284
25060
21019
25296
26465
25618
30340
23035
30616
16512
24632
19062
15088
38183
29127
49422
20992
2579
48126
31076
18416
43199
2473
48600
33920
19423
49538
45581
34498
498
3034
32782
25557
40405
24429
18373
16022
21121
41407
12989
3984
32391
32051
35423
20573
27529
34844
41565
46459
49322
38992
14874
42520
41464
13473
42792
10886
29362
4724
11736
29859
24110
10869
21767
14514
35297
40139
46887
22769
47898
26227
26752
30288
8277
12174
17212
2157
13370
25128
48615
12691
14119
29841
21562
21935
9665
30705
32820
39027
1781
10907
35237
25890
21775
23356
6755
23424
29846
19993
46192
27743
46219
39296
24382
20848
1469
41594
39356
31190
33073
37971
10232
47192
34163
31794
19126
10179
28850
18297
49205
30630
29204
794
22871
17330
40501
29625
40753
20346
49617
36945
48089
12188
26240
38822
33035
44060
46767
22390
25250
29840
26712
35481
27031
27226
33626
12508
37405
28828
47156
2961
25809
42711
3754
48680
10041
44254
44656
793
30952
10625
4089
29040
22812
46680
17861
22198
40740
30980
44587
32341
10819
37651
34173
4201
14876
34151
16708
2280
12978
30215
5241
38786
22926
25346
3817
49318
35952
48473
16462
16903
9097
36903
12294
48260
33582
46506
20457
40673
27485
31395
23013
38303
35397
23538
42503
273
7688
25562
18904
37017
22129
40496
42154
45054
32194
45971
10723
34497
10795
27184
17751
36243
14086
30044
34502
14020
42901
21310
4692
20386
2704
44057
25040
38101
33946
33895
4725
41633
9456
39980
45001
47936
46828
37154
9341
45373
49476
20063
29869
10270
13599
47619
12864
27684
44014
47365
8055
36914
18674
12747
7299
37730
23155
48691
42182
7100
