2
28
37
45
52
55
58
65
74
74
79
80
85
104
117
120
126
137
144
167
175
182
208
218
220
231
233
245
281
285
292
294
303
304
326
347
347
362
367
389
396
405
413
444
483
489
493
494
497
499
501
505
510
510
535
539
551
555
560
572
582
582
587
592
593
604
608
616
620
628
639
645
667
668
679
697
698
746
752
754
757
788
840
842
847
862
867
868
870
874
881
882
882
894
902
918
940
942
946
956
971
979
992
1008
1010
1061
1069
1070
1079
1081
1083
1087
1095
1098
1106
1120
1124
1126
1137
1138
1140
1159
1163
1175
1201
1202
1210
1230
1245
1264
1268
1278
1315
1316
1350
1356
1362
1366
1367
1371
1373
1381
1394
1396
1397
1397
1403
1443
1453
1460
1463
1476
1485
1491
1491
1512
1515
1557
1561
1564
1570
1593
1594
1597
1604
1616
1630
1634
1634
1645
1667
1677
1680
1683
1698
1700
1741
1744
1763
1769
1794
1805
1809
1810
1810
1829
1839
1852
1862
1871
1872
1872
1876
1878
1882
1895
1897
1899
1930
1935
1952
1963
1971
1998
2001
2005
2005
2009
2010
2013
2017
2037
2039
2087
2095
2102
2121
2127
2191
2193
2212
2227
2232
2241
2249
2253
2260
2267
2295
2296
2298
2326
2342
2347
2356
2374
2377
2382
2385
2393
2394
2394
2396
2402
2425
2429
2462
2479
2479
2507
2509
2522
2528
2548
2552
2593
2594
2597
2600
2604
2607
2614
2617
2628
2628
2634
2637
2657
2658
2661
2671
2677
2678
2690
2703
2712
2718
2720
2727
2735
2737
2749
2756
2764
2778
2792
2797
2800
2801
2808
2815
2847
2851
2864
2864
2890
2903
2913
2922
2930
2958
2969
2972
2974
2974
2975
2976
2976
2979
2982
2985
2997
3001
3012
3016
3020
3028
3029
3036
3059
3059
3072
3082
3086
3088
3094
3103
3120
3121
3130
3145
3146
3158
3160
3174
3188
3225
3231
3265
3272
3273
3283
3306
3364
3381
3400
3401
3401
3422
3423
3450
3468
3476
3482
3488
3495
3500
3509
3514
3525
3528
3545
3548
3560
3587
3595
3619
3641
3644
3663
3667
3682
3696
3707
3717
3731
3736
3742
3750
3752
3779
3787
3810
3819
3823
3832
3843
3849
3858
3858
3876
3877
3901
3905
3918
3927
3940
3942
3947
3951
3952
3960
3978
4037
4061
4072
4102
4103
4114
4116
4116
4129
4140
4146
4152
4168
4196
4209
4227
4235
4236
4241
4264
4266
4275
4276
4288
4306
4312
4323
4338
4341
4358
4377
4380
4385
4386
4399
4402
4414
4415
4420
4424
4433
4457
4461
4463
4466
4484
4492
4499
4511
4518
4519
4521
4527
4529
4532
4536
4540
4542
4546
4555
4561
4579
4584
4592
4597
4605
4609
4622
4637
4640
4646
4651
4667
4670
4684
4690
4706
4709
4718
4751
4753
4762
4763
4782
4786
4810
4817
4818
4819
4832
4872
4876
4883
4892
4898
4903
4903
4926
4934
4940
4989
4990
4997
5002
5007
5012
5029
5030
5033
5063
5068
5069
5073
5074
5088
5108
5128
5131
5133
5135
5135
5146
5154
5182
5183
5186
5189
5190
5218
5219
5230
5231
5244
5248
5251
5252
5255
5265
5268
5273
5275
5277
5277
5283
5292
5307
5323
5328
5359
5361
5362
5368
5382
5390
5415
5421
5439
5440
5442
5447
5458
5472
5481
5485
5486
5517
5518
5533
5537
5548
5555
5564
5568
5600
5615
5620
5629
5655
5666
5679
5694
5701
5704
5738
5764
5776
5776
5795
5828
5833
5833
5839
5854
5862
5868
5875
5887
5934
5953
5953
5957
5958
5971
6015
6016
6017
6024
6026
6028
6035
6046
6051
6055
6062
6076
6077
6088
6096
6114
6129
6136
6137
6141
6141
6149
6152
6162
6163
6167
6173
6185
6203
6236
6243
6249
6270
6272
6273
6281
6286
6291
6307
6308
6310
6323
6347
6348
6349
6355
6367
6370
6410
6413
6420
6424
6435
6470
6477
6486
6505
6506
6532
6553
6569
6592
6598
6599
6622
6626
6634
6646
6651
6657
6674
6680
6683
6741
6756
6767
6797
6797
6834
6846
6862
6867
6893
6901
6907
6910
6915
6961
6963
6978
6978
6989
6991
6995
6997
6999
7038
7048
7052
7072
7073
7084
7086
7093
7097
7103
7106
7113
7177
7212
7224
7226
7251
7252
7258
7262
7281
7288
7294
7307
7318
7322
7339
7341
7351
7352
7373
7400
7409
7410
7417
7419
7458
7479
7482
7493
7508
7518
7523
7528
7528
7528
7537
7539
7541
7549
7558
7564
7591
7596
7607
7609
7613
7625
7625
7638
7642
7646
7647
7662
7675
7677
7699
7703
7723
7726
7726
7726
7745
7746
7781
7795
7797
7849
7861
7863
7863
7869
7880
7894
7899
7921
7921
7927
7931
7952
7962
7980
7994
8019
8023
8027
8029
8039
8063
8069
8079
8079
8087
8105
8125
8133
8143
8143
8148
8176
8179
8226
8235
8243
8287
8287
8310
8312
8325
8342
8352
8357
8359
8390
8393
8402
8408
8412
8416
8416
8419
8428
8434
8437
8441
8443
8482
8490
8502
8509
8514
8519
8524
8532
8545
8547
8550
8551
8566
8569
8598
8599
8606
8614
8623
8631
8638
8650
8655
8670
8675
8677
8681
8681
8686
8688
8699
8717
8723
8739
8746
8752
8754
8757
8759
8760
8770
8785
8790
8803
8805
8809
8830
8841
8847
8898
8902
8908
8914
8925
8926
8930
8940
8969
8985
8988
8989
9018
9021
9035
9036
9039
9042
9048
9049
9058
9059
9061
9083
9090
9103
9106
9148
9166
9176
9177
9182
9193
9211
9217
9217
9224
9226
9229
9233
9236
9267
9273
9281
9294
9308
9323
9331
9338
9349
9374
9376
9378
9382
9390
9395
9409
9422
9424
9430
9454
9458
9461
9464
9493
9504
9521
9524
9531
9558
9561
9575
9595
9611
9624
9624
9626
9630
9631
9633
9639
9645
9646
9658
9670
9675
9699
9702
9707
9740
9758
9763
9767
9781
9791
9807
9825
9829
9831
9842
9847
9861
9890
9890
9900
9902
9927
9937
9938
9944
9955
9972
9982
