4719
3372
1256
173
2614
4821
5138
7751
8491
8619
8482
418
3910
7933
2789
5832
1515
7533
3943
5634
5960
3047
9067
9968
8393
1713
5491
8378
232
8831
9804
5950
6051
8867
5032
1951
9018
9739
3687
2102
1127
1101
7960
5519
6219
3137
254
2280
4705
654
8197
9181
1622
3037
936
4404
2637
6604
8421
3671
6512
8736
9093
6709
2590
8762
9683
5299
4916
6393
5057
3214
1998
6148
199
5793
253
2744
6462
4934
5351
3467
8620
9085
9684
5652
3792
8926
5447
1340
7905
7800
3578
387
8382
1902
4069
6935
7688
2183
8201
9545
5887
5378
5034
1788
2492
6082
6970
5667
3344
235
212
7231
3341
8931
1867
3199
595
6986
7853
6240
862
1205
1632
1932
4996
4959
433
3358
5081
8242
3457
1684
9768
3155
2714
5739
3572
6213
4474
260
8263
3623
2588
6227
490
9121
2488
2391
6802
3404
5691
3824
6997
8632
8457
8429
916
9279
8493
1905
6877
6010
6429
4549
6188
4889
4704
6616
9699
5662
4042
8341
8946
668
1721
9855
428
5600
7166
319
301
2
8301
8628
8713
8495
5712
3646
6504
1052
5547
570
971
942
7544
4675
163
3788
8950
649
6208
7381
9168
5431
2186
4494
9023
3881
1141
2230
3442
962
3862
6916
3482
2156
9758
6011
86
576
4818
7159
1206
6366
5524
6447
4789
6358
4329
6118
7013
6554
8012
3013
1348
9157
1982
4948
4376
4871
999
4647
9309
7502
7329
1343
4366
763
1074
7288
6945
5716
8890
9682
9
4390
1875
7651
6996
8921
2748
9752
6607
3438
5863
5623
6267
7054
7640
4459
9937
9016
5419
5637
563
1829
7489
1486
4691
8128
6810
4408
529
4021
9995
9442
4556
5313
7172
3748
3020
866
8299
6324
876
9638
1382
5292
6522
9202
6842
5679
815
8250
2213
9675
7471
9505
1418
2137
1252
2294
6430
3922
9300
7236
7532
6418
927
61
2950
5126
2549
1766
871
4750
6081
4596
2833
7968
2204
8856
5565
1467
1029
2340
5394
1946
7642
2710
5856
9047
3500
8330
7527
5684
7459
1265
3976
3402
7732
144
2019
2497
9540
558
6675
5294
4507
7724
9240
2565
1960
1374
5657
2645
432
5157
8356
3170
3729
918
5968
2337
6905
7368
6656
6169
7941
81
9319
9992
3451
7913
5797
1745
7537
8110
4491
2901
1519
4218
2441
4119
1267
1545
1925
8216
8535
8835
4806
3264
5133
8028
1321
1858
34
1446
380
3490
4070
8595
4836
5289
8414
6632
1670
1748
1715
5674
9418
3101
9037
6920
520
3936
9461
7989
4456
681
2080
4846
2587
6925
5511
676
3874
8392
7053
4183
6201
4022
6563
1556
1443
1698
8107
3320
4802
4800
8502
4854
2610
5916
6706
6470
9853
1240
9460
7643
1427
3543
5875
9375
7088
9806
3577
9220
8309
9098
7705
8228
5722
8016
4852
2504
1989
9231
9719
2436
410
440
2455
833
2314
8845
6948
5077
8143
7586
162
2169
7211
5961
3959
5054
135
7768
8508
3147
3365
3091
1098
5423
3212
1714
349
976
732
8911
4903
9975
8878
4229
4983
6669
3364
5155
8730
3107
1231
8118
5531
5841
4725
1355
1733
2447
89
47
4005
4301
6793
1104
6466
7246
7440
9880
8177
5591
1841
2793
7069
6469
5748
2886
7189
8640
9529
1462
6062
5250
2457
8598
6975
6718
2489
4609
5611
52
4582
28
8559
8209
4440
5123
6174
5311
429
1856
8294
7691
8000
2815
3049
1507
2225
2099
7297
2586
2380
8518
1030
2007
6618
9193
8613
8662
9289
2001
2430
5042
8562
1294
3857
8281
6252
947
2495
1332
3525
6550
9827
9453
7562
6794
7808
9714
6883
4922
3130
800
206
9787
4545
4009
1470
7909
8578
7354
674
388
3031
2896
6624
591
4368
8474
6350
2097
6530
692
5158
1761
8988
5444
7930
2234
4535
6382
7731
3385
1076
948
7906
4731
304
6729
6628
6313
404
1419
1890
1175
1568
2082
7786
1997
9042
3460
6523
4697
297
9923
3064
2285
3541
3583
2972
8702
4279
7686
7781
8848
8800
9476
4730
3086
9450
9329
8151
6692
3553
1280
761
5484
9015
3307
1112
5088
224
2882
9139
5641
401
4409
2066
5685
8214
506
8485
9551
3290
8178
744
4767
3758
9917
9487
6769
4914
1566
5262
4490
8248
5421
5441
7619
8887
702
2988
1544
6403
4954
3603
5302
3058
1943
4239
6167
4358
1209
6322
7244
1450
2334
9814
6471
6738
7525
7936
6084
5147
7200
8155
8435
798
6812
5704
4355
493
9195
3999
5580
7492
2889
8622
4107
8588
9021
5281
1478
9073
5949
6723
8440
8861
2444
1077
7085
9746
9233
4977
4543
9918
9303
7355
4604
4058
7706
4308
305
1386
7385
9330
811
8777
5650
4915
2054
555
9734
8202
6122
3474
3939
1603
6764
1799
4504
4272
5701
9472
1780
9403
1836
3708
4844
5001
5894
1537
7105
4298
6556
5938
9443
2429
4642
7421
8315
746
3330
4527
6402
7553
3590
3045
6558
84
7681
6798
5620
2065
7488
202
2434
7725
6752
7716
8779
5686
9310
347
3651
2271
6460
2623
7485
6099
6461
3153
7907
5920
5879
1282
8431
712
8487
7165
5594
3718
362
4516
6766
9991
4116
5312
2147
2701
5105
4287
3841
1040
3504
8807
8428
7221
9980
3319
5815
3827
2293
2685
5714
3534
4052
5368
2945
6490
7752
9469
1746
8584
4442
4393
8460
9589
476
9748
2079
2290
8892
3337
8536
344
9178
1133
8857
4122
8555
5989
2348
2772
3193
8604
4532
872
386
2911
3420
4735
6739
285
3838
807
7223
5082
588
3556
4010
292
3967
4375
2641
7107
2124
1934
5125
7897
7639
600
2358
2576
3333
8656
2721
9958
6903
774
94
738
6302
8814
579
6929
829
7483
5056
9864
7201
7720
5944
7495
4411
6677
6203
445
8008
3723
4554
7109
8147
1806
3739
4309
7050
7608
6031
5983
4522
4879
5219
8188
7547
4759
8979
9522
8296
2866
5207
7115
6411
4941
7707
5238
6620
4237
2040
3978
9302
5682
8374
5626
8148
1815
1301
1483
7791
4884
7161
2824
8829
2895
3134
6623
8131
8556
82
2449
5049
952
7463
8769
9973
141
4742
1873
51
7318
9179
4487
7591
6087
4620
6400
238
9656
7669
4528
5560
2092
7435
8029
8549
8616
423
7092
3035
8023
8747
7133
7196
8824
677
899
4573
4793
4130
1288
6756
5339
8961
1269
7777
8324
2602
568
5713
6811
4662
470
6379
1738
1431
1678
8443
6880
6399
5986
5665
4867
5987
5774
9893
8586
9826
8411
6331
5466
1459
3606
7078
7646
8707
8193
312
9248
3799
1086
4939
6663
3771
9449
1113
7506
8986
3494
4056
9663
9400
9113
627
7428
3418
9528
1404
7410
6317
8570
8454
6873
9040
1645
3554
7026
7367
4536
4071
3160
7100
8237
2848
6477
6725
6138
48
1763
8759
7536
8749
5346
5789
3391
9506
449
4475
604
8817
607
1539
5013
9552
5564
9241
585
5092
2506
5474
6503
3667
9313
2475
9376
3097
2783
2050
4369
8409
6259
4002
8787
4067
6265
9496
1275
3176
9129
7614
9419
9594
8597
7555
6220
870
4303
8774
7095
6552
134
8420
6273
3588
6230
9338
8796
856
472
2953
1828
2847
3346
331
9886
1787
505
4211
7650
2437
2185
5977
6745
2731
7817
7742
5263
5706
5544
8073
7405
2621
5386
8146
4639
9708
2539
8538
64
2773
8239
3332
6009
5217
903
8333
6881
6541
9072
2884
631
9215
473
8650
983
8337
7746
3929
7089
9434
6597
8127
2634
8660
5248
6029
4913
1693
1961
3920
2519
7225
8065
1744
6900
748
6788
258
4312
1279
5036
7295
7932
5184
3340
5208
7972
5314
6481
2649
700
2732
5526
6661
6821
452
7762
9831
9816
1990
468
2086
4597
2325
3395
6559
4690
1495
6513
1457
2017
3765
7331
6142
282
9698
9025
4819
5811
9596
6433
7129
7072
906
6557
8940
4415
6054
9353
3762
9237
1152
1031
338
9423
4267
2478
2511
9878
9270
5119
6053
985
8977
7499
364
5642
3591
1773
6309
150
4347
4824
4213
4776
5418
1690
2322
2132
6897
8038
7621
6642
2193
2302
9705
7647
3458
864
8980
7569
2512
9628
9510
6465
1444
4624
3584
6115
4223
179
1396
7679
9122
3931
8530
7375
6676
5443
7916
1731
7980
6442
7250
4999
9197
2173
6079
2940
4196
2056
835
2749
3610
2263
5167
9729
4752
5827
3400
7396
2319
628
3833
9860
2993
5185
1517
3409
1412
6194
8325
7122
8666
3432
8905
8377
8654
4146
2145
764
4681
1122
730
7901
9493
6106
6019
6003
6272
2593
9494
1564
8858
5318
1365
3277
5737
9990
9096
6734
1592
5225
3012
1354
4374
6847
4761
652
5243
2671
5094
6472
1781
9097
1395
7778
5643
8669
6239
4546
3295
9865
2859
6686
2046
1975
4424
5958
5934
3396
684
715
8133
7186
8526
2003
231
2188
2779
4220
5183
5172
7546
2081
4748
40
8984
4615
7773
8810
5415
8925
4420
648
6349
5891
2053
8168
5585
9455
8256
9427
5015
85
9695
2625
6701
7937
6028
41
5426
8167
6451
8351
2717
8681
4593
9629
4216
1625
5864
366
756
5967
3965
5761
214
4495
3269
7712
2075
4925
6144
5868
2008
9014
6870
8929
6150
7966
5039
5730
4963
5710
3913
3410
9922
5229
8286
3649
2503
4700
389
9408
1211
909
4885
1782
5328
9258
5720
6987
2187
5468
1316
9819
3300
686
5666
2062
4640
7563
7194
6750
4967
1188
3592
5113
9925
5178
9660
7452
731
9058
4018
8922
3690
679
213
2767
641
9916
4842
828
7337
2989
992
6359
8340
9020
1795
9280
7260
6967
5154
6961
9190
941
9691
8505
4658
2564
7374
8879
3564
110
9514
5727
5044
7627
5618
3318
3006
4048
6983
3478
7812
3484
5097
8079
981
2448
6630
8061
9913
9287
2615
517
4026
5009
1342
6034
9163
4874
3034
8558
4259
860
9123
8750
2276
7539
5734
1224
2078
5114
5000
6951
7382
4431
3612
8735
3177
1892
8541
6619
2107
9825
9782
549
5498
129
9054
222
737
4869
4141
9932
7208
1602
7285
9479
1897
4034
7304
7974
4810
7922
4583
1579
1264
1851
8844
1330
6261
21
945
4392
582
5608
7833
3115
7090
2591
4361
583
7660
8709
7548
3731
2702
843
6412
4773
6827
136
1724
7531
4
857
8467
5911
6765
3531
3837
4162
5922
900
8198
5810
68
956
5799
9503
7436
3821
2669
1538
1222
7332
9644
5282
8010
5010
4143
622
2266
6152
9468
2761
8123
5955
8948
6385
6345
8770
7370
3551
9823
7657
3655
1106
3818
611
2307
3809
2642
2686
7726
9946
1674
8169
5745
2403
1498
8268
8106
375
4489
787
4341
9943
4780
4089
171
7324
3182
7565
8506
2338
9324
4689
1838
7727
1860
3877
8326
9703
7825
1285
8319
6591
629
9601
4260
1468
160
8001
2072
3242
8158
8813
3095
4178
8646
5258
2073
2524
7541
3865
1697
8667
957
2613
6262
6114
9535
4072
633
7860
4617
399
8164
9393
1887
3764
1364
6039
643
993
1302
1847
5440
4445
7399
7730
7999
4989
4028
7415
9448
7407
2979
2165
8574
7722
7391
2451
804
5187
8692
922
5332
2231
9640
1319
8006
7872
1929
4956
2329
8276
4455
8092
6128
9931
2881
1629
5152
9813
678
8591
1331
1651
547
7393
3074
8909
6910
5400
6908
6711
1416
1109
1884
3403
4762
4855
6083
6612
9639
4396
3875
139
8335
5078
4826
6548
2754
9146
1833
2327
783
6491
4175
7154
9940
1648
9452
2409
6685
9410
9668
8927
9038
6364
6060
8149
4410
9295
3932
9866
9002
1121
415
6679
7030
6346
4714
1930
2820
1774
3192
6571
1352
436
2608
1706
9818
9370
6420
589
706
266
3510
1770
8174
8489
2176
4057
1506
7348
5503
3060
4236
7113
6306
184
9919
7070
8295
37
1749
4531
3662
3790
2709
7816
6136
3281
4104
7950
2954
8081
164
9773
5905
7319
8631
2975
5550
3952
8753
2177
7854
8500
3401
3361
2983
7629
8790
7784
7254
4349
9832
6860
1136
3099
3568
4592
1555
1351
4383
7272
2428
5209
4899
6629
3904
8264
9490
5750
5790
1816
6198
7205
8757
7776
8919
9205
6644
2663
293
4612
2047
8607
2691
3090
7430
5427
269
7269
3459
6045
1878
9078
5908
7653
9351
5776
9588
357
6123
7082
5893
8973
3906
1672
3715
9581
3800
117
3849
8483
4988
9255
5028
444
6052
645
9764
2774
2631
4702
6241
7844
7313
5669
1609
7462
7756
9981
3613
3324
2785
2589
5108
3342
2942
7031
7123
939
7293
4233
7131
8091
3379
5472
2383
7873
3158
3942
6191
1518
5261
3992
1811
6286
5861
3194
5038
8366
4876
4786
3566
4454
6354
4497
6247
6042
5820
3398
406
3190
8743
9359
9728
1421
2344
1417
4646
6164
9421
1428
9936
4629
7990
2885
3257
9430
4173
5956
4669
8425
3226
7911
5688
9245
1652
2259
3680
6710
9557
9930
7835
3220
3351
4788
1026
9298
1379
3628
2733
613
9605
3488
3538
3954
4188
7199
9964
551
7360
4176
2410
4249
911
3682
8047
8741
3455
9203
7721
4097
56
6874
1196
9849
9861
690
5640
5411
264
7626
7755
695
7086
3289
1768
1306
614
8934
8901
2946
1891
9647
4372
9327
4192
9331
9175
955
2205
176
4943
3639
2505
2207
6328
441
7153
6649
3880
7632
3546
1011
5496
4694
7883
2219
9292
7334
9132
4240
2603
7952
4572
8936
8430
6830
4619
1502
80
545
7388
873
970
9219
9842
3262
3381
9488
9463
2226
7409
9185
2660
1456
1155
8157
7739
6130
635
6565
7457
6658
3689
63
2786
8408
9854
3611
1812
4912
6173
5453
9942
2002
7677
9979
6520
1497
6854
7820
6698
95
7954
7763
6646
3184
3894
4030
5999
745
8020
9791
8704
5410
504
8737
5993
3727
2045
3529
7970
5063
3471
751
6823
1144
7079
8388
6682
6829
3668
3816
7275
1357
5769
9265
2101
7925
3571
3038
7281
7162
2986
1730
9792
1411
3001
4238
128
3608
6182
1633
2262
4206
1257
8445
4703
8321
8964
2272
1157
848
2742
7700
759
8515
6600
87
997
308
4831
2837
9577
3252
8784
3909
8200
6896
9685
1557
7343
5373
2922
8572
1549
9489
7322
5417
2167
9010
969
1955
5520
8384
1272
7711
4114
9118
8633
7125
9889
3211
2907
4771
8222
5212
8249
6890
6175
3213
9075
1250
7351
9293
7418
4492
7290
5505
2093
5156
5413
6043
3714
4671
6864
4870
2689
1573
9641
414
261
7101
8676
6747
5744
1003
837
3189
6954
1947
9982
1853
2816
6217
5168
7068
1534
8176
6158
7636
8898
7971
330
6717
4505
7146
958
8939
7774
5018
9617
1333
3117
3112
606
1585
153
8525
4362
9788
7477
7959
4935
2384
211
2252
1234
2673
3856
4563
1290
3369
5603
4068
9524
8645
7610
3700
7799
8075
6919
747
4857
6008
3574
2883
6654
246
9278
9662
5930
9354
9670
9783
9623
1926
8566
3228
1578
8129
7804
9046
3468
4255
6330
6450
3272
3672
7811
3866
3902
5609
1496
3116
9340
9030
2466
9905
5979
3089
2943
705
3491
4157
3995
5853
7693
7855
7842
6495
4265
3274
4746
6546
5377
8391
5342
5237
7789
8949
8423
817
5740
1869
7132
5142
5120
2522
3684
2934
5534
7474
7048
9561
619
8212
9793
3514
4281
8952
6901
2677
4373
1236
6950
8094
8569
3701
6348
4243
4722
2914
9777
5862
4623
7157
8758
5140
8888
6057
5546
7602
99
3522
8899
2563
466
6367
2525
7359
281
9365
2842
4898
4951
7618
361
5149
4109
6386
665
2208
4354
1533
6586
3191
4953
1570
3434
3581
146
4449
3565
6120
8698
3754
8436
4161
2574
1758
7963
1019
5090
9512
6688
4856
1060
3051
4378
5128
1924
8834
7988
3235
7589
3282
6017
4995
127
1093
4973
2753
2659
2150
6740
5870
6699
1708
8675
9257
6202
3650
3083
7241
3166
6368
1596
7805
4574
6375
8210
1266
3804
7745
2782
7690
1403
8696
897
9480
8093
1129
6126
9838
9242
793
333
6448
4480
9377
9815
5946
3935
8298
4537
757
6672
2711
5264
7834
4090
3362
556
1660
4352
2479
3645
9947
4305
5689
7303
2542
3519
6090
9334
2735
4666
7229
8802
7018
578
5089
8417
3830
9259
9103
7998
6826
145
3285
6353
1634
5151
6255
2158
823
4891
5541
288
1966
6543
7514
1742
4496
4838
6715
4124
2915
4164
7879
2375
9960
2533
769
2210
3267
6536
9554
4971
4172
1953
6972
6882
6407
5384
6055
4764
299
3463
2237
8537
9273
477
5267
3884
259
1662
7065
9896
5677
1536
5173
142
599
1356
1390
4262
6749
4310
1370
9392
6982
6121
1677
228
3917
1784
1181
789
9655
4820
9176
7976
5963
4079
6143
7404
1036
1709
9022
2705
995
7826
143
771
6383
8989
3278
1852
7228
6687
10000
3178
7710
6539
33
4098
2956
1081
6316
2841
3540
2629
1243
5589
5352
1541
2157
5554
3263
4808
6419
8227
3429
9760
4280
1058
1842
6660
8635
1689
7874
2064
5562
4345
4520
2755
4023
639
4325
6638
7164
5353
419
3658
3439
7222
2194
9892
8716
9269
2855
7866
2628
2190
5246
8664
4461
8855
2018
9328
1437
6737
4103
5255
5937
8141
6242
4656
4045
5397
3633
2238
2060
1914
1238
7665
3144
9974
4511
1843
4848
7585
8719
2031
1392
4320
6973
9897
302
4905
9829
8685
7540
1041
2091
9676
2445
4321
1253
9407
1993
5647
9784
6210
2722
3916
850
5399
8847
932
9333
9944
5309
2996
8064
6803
1679
8721
4892
2119
8196
8350
4493
5325
7059
8492
124
575
4330
350
3950
2288
8978
8066
8354
9485
7568
6768
7104
5768
656
7426
5014
8617
5860
8958
4605
3011
1688
3580
3982
6341
503
9526
9750
7764
3293
624
7708
7846
2585
5752
4311
9432
6891
7682
3010
9511
1550
5130
514
1134
3822
2554
475
2871
5027
9459
6775
682
6912
8289
9325
7003
9536
925
5206
149
3823
1217
234
1262
2806
5319
6733
5755
3325
1920
8564
9483
6707
2666
7668
9167
6753
7645
2655
9227
4138
7315
951
9873
3854
779
704
6475
5286
8468
6101
3563
9166
8551
2274
4684
4849
8063
9355
5536
8403
7249
244
4811
5369
4024
3473
1178
509
345
1350
3424
7528
8884
6515
7494
25
3294
8870
9928
5992
9492
5284
3826
5506
1232
4100
3339
3963
5943
7011
2810
4611
1087
5982
5528
2482
7538
334
4228
6509
841
1962
3501
5668
8863
1927
8346
4379
4076
9191
788
9290
3724
6849
9399
6878
4944
8011
9246
329
7487
7414
2865
2312
1500
4282
3506
4004
5273
3328
11
3898
7674
6248
4530
4936
1621
4215
7240
3914
314
9039
3485
9809
6253
6161
9620
953
1732
6595
2281
4225
6178
5430
7346
1527
2941
8245
6277
3763
1526
5896
9339
1170
198
4014
1304
3927
5808
7080
2706
5777
4929
7493
7870
3637
5871
7616
8453
912
2184
7016
3598
8775
284
7490
3961
1792
6547
9405
4519
5486
1167
1489
8897
9043
2695
1747
4117
1900
3751
4961
9035
8653
8806
5424
5166
7578
9169
3855
6283
548
7170
8904
7394
5962
3092
2571
4985
4923
15
9360
1919
6840
7384
5980
901
736
2357
1465
9079
3005
4502
9192
461
1611
602
9677
4350
3039
112
7434
3065
6004
1223
4201
2627
5181
6545
239
4398
3079
4904
8072
71
9027
9956
4214
646
2877
2236
707
6476
7328
1430
5189
728
8951
3744
8241
9088
5773
4200
4621
2033
2557
4920
6338
9779
2251
8998
5007
2583
3148
6732
785
6913
1080
2919
657
6035
2462
3062
4486
1171
8999
5508
6657
758
8924
8507
9013
4695
5785
3619
8587
9882
782
5392
6976
9654
6192
2569
5393
271
158
780
1274
2909
9268
1606
1807
161
2791
3622
8438
7301
5694
1617
4636
7612
7395
2933
4074
7635
6776
8103
9145
7783
5806
9275
1320
7033
2796
638
7419
2021
8213
9790
1553
1805
4430
5771
2470
777
2306
2439
5616
7625
9786
8379
9343
36
8605
1494
4837
7571
7582
8113
6404
7714
340
5831
2022
5245
5405
8236
6888
1776
7420
5383
3766
7793
2279
2241
7163
1059
8142
3688
6564
1520
6488
1057
3912
7443
1327
541
7425
3625
2646
6843
9926
3098
5941
4538
8499
3446
4677
2703
6957
2426
854
9116
7448
6808
8991
1593
6876
3883
2195
4095
9314
1683
9304
3052
3461
9306
9384
2843
8851
496
6427
1454
6516
8342
8618
7929
5632
1233
1299
6145
7570
1583
394
3470
9997
2059
6395
1635
9474
8609
7849
4738
9209
4564
5521
4082
9160
7143
9388
7780
6376
2143
9532
8152
6325
8797
7613
7554
1840
9457
6759
4086
5991
411
4630
3962
7938
535
4198
8328
8626
7567
5997
4541
3142
9312
2898
9840
1604
6127
711
4155
2507
9008
4003
5022
5953
6179
8843
9652
6432
1008
9899
6133
6567
3991
5723
9144
1341
1598
9674
3989
832
3093
4917
5595
8625
4380
1073
9848
7709
7192
806
138
923
536
650
7235
6287
3408
2402
5452
3016
7021
4566
3521
5360
1513
2581
9957
5274
5763
7673
1248
6153
9311
5838
1154
5214
4136
1528
8290
7046
9707
5277
6310
7002
8204
6124
3740
9226
5247
9296
7659
5927
5144
1335
7513
2180
4744
9912
1228
4863
1142
3868
1159
8965
233
8293
6924
8122
9875
9143
1850
5724
9576
4745
8579
43
2619
3452
680
7748
4775
3642
1794
5465
9218
917
2115
4577
4743
3120
7464
9005
9586
831
7271
8097
3384
4382
9435
1826
1070
7505
7362
1128
5464
3746
5874
8514
6869
9696
874
2362
6568
1097
8119
6496
8292
98
5645
7110
8871
6046
5020
6650
6990
7574
1944
2366
9789
4790
9211
5702
2025
4503
2494
7684
1600
4834
2316
3217
1610
5239
8923
7851
7268
2427
8630
4179
9828
5382
2633
1969
1429
7981
2679
9232
9243
7749
1063
7416
1857
3197
486
9499
6485
7169
685
8672
272
7106
4126
2769
667
1191
3043
1921
6933
7738
8571
5201
4131
6074
4840
101
4428
8561
3363
103
1177
3526
208
8661
2242
1680
9363
4833
6157
7444
7453
1572
1983
6232
8114
6985
5823
6438
1493
3960
1889
4860
2058
919
5200
7276
17
8381
9716
6089
4548
7218
3979
1461
7996
4924
5742
9267
6117
1244
2582
4529
4477
7648
5664
1725
7702
9907
462
3635
3518
1455
9337
7878
1584
4768
3303
2198
2800
688
4156
2529
6927
663
2858
5
8935
1814
8005
2690
1143
500
1711
2510
1627
961
1895
9962
6303
3230
2639
5869
9798
2687
8218
5052
4895
2257
3335
8748
5146
1503
542
8037
1577
7342
2333
4610
9770
7270
1099
7280
4472
8189
5971
6922
5437
9778
9272
6370
4371
8220
3145
8827
104
7265
8171
9473
300
4300
427
8600
5596
7067
6746
7744
7255
4181
2311
3316
8915
5700
4182
1647
8026
5675
1251
9095
1569
4207
9348
8837
1965
480
7914
618
6617
2562
2572
1045
1973
2164
4958
1182
5160
6589
1492
6938
1913
7264
1072
6449
9387
2112
6705
709
4832
9902
9481
1736
5337
3210
447
7910
4334
2106
5122
3002
7918
9112
200
9094
905
7307
9877
5846
8433
169
6800
5308
2854
6333
1477
6414
2061
5933
4993
2594
7550
9999
8550
5833
8015
4389
1644
7198
5692
6278
2161
926
9454
8009
1195
1310
7718
9858
719
8766
2388
6426
2555
9548
6023
4827
6782
9659
9841
2474
3413
6797
3165
6056
3887
3239
8629
2192
3075
3443
2728
8138
2118
603
2973
9247
8413
1372
1845
3105
7008
5835
1219
5676
7509
6038
1169
8765
2840
9547
7406
6189
9068
3502
4439
8450
2377
4436
7620
5561
5633
5880
2982
268
7703
6700
1203
8243
518
30
4841
3113
1210
6058
2460
6813
988
1716
6622
9341
434
7775
8846
8583
8373
8594
3464
220
4974
9846
8763
1415
3604
2349
9713
210
4296
5805
7510
9688
594
7915
1727
5448
8187
3126
27
5033
5079
6779
697
5535
1614
3567
838
1050
6590
1994
1607
1363
683
5438
6319
673
3370
4798
5597
3951
8057
114
3029
4542
1270
3737
9061
9318
7852
693
1334
6774
6537
4674
5301
4283
7309
335
4078
9657
3309
2212
7356
2028
8798
9766
6339
6963
3163
109
8985
8565
5030
8993
2665
2235
2368
6836
2758
6683
2265
280
2258
7076
726
9301
9431
8679
4688
2247
7144
4145
3783
4672
6456
460
4484
3198
229
412
7962
1876
9177
5223
420
5759
4037
7193
9911
634
904
8424
9845
1383
7160
7935
3354
4469
8689
9090
2894
6858
3981
7810
6480
3706
181
442
8251
4019
1753
8387
3388
6507
8327
6072
3719
4902
9583
6636
1701
1187
3844
853
5636
194
1624
5729
9446
1021
7149
4016
5481
7263
2141
9515
7461
3587
6250
187
1626
5259
9024
7227
5965
4351
6441
5379
2301
3297
7286
6225
7117
4384
8995
3024
3308
7556
7137
6570
2657
3487
6256
1051
721
2498
5414
8372
8590
2553
358
6974
4847
760
7946
3767
891
7557
3397
9976
521
7361
830
205
1741
3279
2472
6626
1258
126
6244
1088
6269
9099
2199
4429
1999
7150
7943
1200
6301
1866
2675
4969
3582
8385
6805
1393
9869
7530
4777
3670
6584
2811
5252
5563
9824
257
7926
5615
8534
8407
4778
4559
9667
8969
8225
6236
3046
4635
6510
3802
3266
8442
9872
6678
6894
6279
2763
8449
2496
5257
3666
9158
8690
4659
1755
1575
2985
5522
3241
1186
7595
9722
1016
5230
2595
6184
1639
2043
3110
4253
3614
3179
6633
6865
4051
9989
9678
1631
9602
5865
1822
5136
8199
3511
8875
6211
6378
9951
3071
9283
6180
5017
6459
8030
9141
7051
9032
2371
8917
6224
6176
4092
7896
4965
2108
880
4039
5040
5756
8519
2196
7521
2672
5510
4526
7014
6994
4739
8488
4729
1295
6149
6431
5439
3520
7892
5359
6110
7431
4601
6786
2700
7518
2906
4712
8990
1307
9350
5197
7083
7747
2513
2938
7624
2152
7630
8448
1075
7975
502
8637
2215
1898
5148
3477
7663
1687
7015
7042
3208
1917
118
8121
26
6674
1260
2532
9679
9409
2321
2090
9391
9045
840
2874
5709
3702
8231
5556
2605
9026
140
2718
6070
3769
6532
4906
6467
290
3953
1906
9945
9567
8686
8523
2890
2223
9109
4779
7986
8752
2011
9250
4452
3059
3087
1671
7429
6147
6937
3311
8090
6281
3003
2648
2780
9658
7210
5194
5802
8781
7469
7306
1380
8278
7043
2516
8684
9356
2653
9086
5003
5575
1056
6529
1476
1825
4637
9709
5175
6720
2719
4121
4986
5829
977
7181
9910
5936
8886
3890
6190
2244
6576
2573
3886
5525
943
6807
878
189
9217
3797
2121
2006
9566
6067
7889
9402
5926
5150
8226
2217
940
1367
7871
4402
5929
6613
4118
5514
6207
4513
8520
6772
2396
1957
9224
8033
3585
7840
1120
1337
3141
2364
6033
844
3258
7658
7052
2310
982
8599
6296
8184
3231
9368
9885
7564
4590
9017
2393
7055
1980
9969
3791
3180
7893
2825
9843
8691
5532
137
7412
4865
6577
2515
1353
8527
6036
6464
7847
1661
287
321
3080
9230
7363
4125
754
9131
4306
1105
9756
6694
4643
3850
7848
3150
9294
487
2693
5940
1394
8808
9398
274
8232
8516
58
5998
8048
4766
9083
1313
5062
2171
2860
2567
2777
5110
2699
5190
1149
9156
400
1540
642
7174
6342
3203
7597
2297
2560
1126
2125
7317
9441
2155
2999
6599
884
3996
714
4405
3499
9444
7832
6637
1974
960
708
8400
7187
7945
1874
7155
4422
3544
1638
2029
8078
8799
5244
7931
8825
2432
3392
717
1524
5914
5842
2116
9608
5235
2421
7423
6439
1263
6605
2784
7934
3793
9527
9352
4843
7675
3138
2229
5857
4166
1720
132
7023
3069
8699
2324
376
893
9998
93
2407
8826
5071
882
5102
5068
6895
544
6680
526
4426
5456
9801
8418
7865
998
8546
4149
148
3775
5772
7801
2921
3814
3118
8040
2295
8098
1346
8426
8804
9152
3415
701
1018
3853
1013
431
2694
6555
121
3801
8761
3829
3121
7723
577
6401
3586
9597
2220
8455
5303
9631
2818
3944
1482
9006
6751
5029
7291
5912
9367
62
368
4741
2142
4081
1888
5822
6837
4813
5619
3227
2746
3512
4288
6355
9114
2318
8908
9053
1734
1435
2491
8701
2282
7084
1001
7460
3056
1728
5884
1046
5866
7687
8811
6406
6588
2218
5635
6585
7300
1048
22
3236
1062
306
3807
3044
1373
9733
5043
9207
632
7074
2521
710
4251
1846
4982
6609
5046
8751
849
1447
182
9364
7248
8967
1042
7497
1567
471
6502
3206
2331
8894
3149
6926
3283
4732
8069
821
5741
8513
610
6500
7551
1726
6655
3805
1830
3640
7299
8907
4499
1378
313
5306
5428
4696
9701
4340
3892
8229
4754
1413
5004
5073
2394
54
9795
1653
4521
5193
6172
6156
3068
6785
7965
3221
8109
2228
2536
7715
6218
2408
6942
996
7398
8027
9104
3620
6492
7130
765
8602
7987
6579
9052
8733
5746
9914
7190
3722
346
1397
9172
5066
4781
3928
9080
4576
1938
3254
9477
9544
3374
5890
5847
4758
4868
6022
4291
3159
1735
1032
8190
2606
9888
7179
7575
1369
3675
1967
4723
6666
7737
4644
2787
8272
391
3576
1958
1682
9214
5970
8722
2160
7195
5978
9591
1949
1399
5538
7063
4517
9251
4552
4435
9665
7699
7075
7795
8836
6722
826
3304
8050
6041
9451
1020
4557
7615
724
2052
3503
4297
9761
6575
5553
868
4217
7734
8567
9062
7316
1501
2243
8352
959
8137
8145
2971
4333
9164
9264
1485
1338
6040
7580
8668
2927
4553
1650
5059
2085
6610
4285
4555
5008
3535
5571
4550
4931
6228
1803
839
6664
592
4234
5236
5850
7480
875
2024
6177
3104
1286
4633
2712
9074
7486
5696
9065
113
4850
2339
6914
5285
263
3102
8966
3796
1216
3275
9614
9249
4588
845
1772
6285
9380
1150
7728
1278
9154
5362
5467
1588
243
1345
478
8314
2578
1314
9128
653
3558
4088
3127
3589
1132
571
2878
251
768
9130
3389
4064
8363
4266
1797
7803
6369
2812
6952
4256
5098
1360
6872
8126
5118
5433
5925
2350
154
820
4544
7141
8154
5849
2245
809
2916
8044
9618
5278
1664
7666
7214
2795
2736
9546
7609
3462
8962
615
3154
2260
5663
3806
9983
6371
413
3371
4657
348
105
9424
2688
1239
2323
123
8585
9342
8968
847
644
2929
1146
6024
1801
6410
42
18
5932
4622
88
8812
6505
5240
4650
4180
8347
7605
6540
7219
2443
2607
8082
207
720
5649
8941
5681
8244
2355
8353
9681
9284
8401
6234
7685
6391
8398
4377
8035
4008
29
1296
5005
1324
4348
227
1359
4012
4998
2398
381
8215
6315
2752
9740
2411
2414
5995
2128
9812
7792
4248
3168
8822
6578
5290
2459
9110
6822
5112
7782
8291
3786
7446
1471
3202
4465
1137
3260
2487
2291
8840
1151
7634
4061
3798
5586
7148
5295
3336
5985
1358
7876
4031
5885
6944
6047
3629
7378
1388
572
2514
3466
8404
4975
9417
8367
9671
4462
2734
528
8053
9445
186
8062
9796
7335
8336
3394
8981
7294
1361
2493
6235
4202
5253
5192
5801
3980
5872
5719
5065
4307
2347
3693
9036
2232
5330
8343
395
5341
9281
9616
7009
6855
2202
6906
8070
5396
6845
2077
9610
6026
5080
4060
6479
8740
3495
5145
727
5406
7373
4907
879
8683
2014
554
4437
6246
1562
1981
9941
7212
519
4733
5434
9965
1066
5064
5499
553
6528
2827
1637
5476
9803
908
3436
7884
4955
2566
5134
9523
2527
1309
8773
96
65
3015
8432
7296
6955
2962
3663
778
8641
3705
5395
7880
2313
4627
2849
4875
6771
3699
7802
4473
7470
5892
5500
6696
3921
5203
8045
2181
3334
488
8868
1976
3000
6648
7654
7180
8553
3017
531
6992
775
7341
5800
7001
5370
6096
7753
4360
3835
1424
4132
4101
1453
3186
223
1366
3676
5699
4770
45
9516
1071
4853
2987
6635
9963
5213
8996
70
5086
1147
4794
6857
8405
3456
3548
5569
7152
3858
7881
5966
4872
3596
6815
5775
2435
6641
5002
5581
1407
4809
4441
1937
3359
7103
6271
1941
9587
7442
277
4113
2249
2799
5784
4569
5367
511
172
4029
8490
390
407
9288
4835
1165
107
3050
430
2829
3
408
2023
5124
4676
9568
3321
6697
3946
814
3181
6088
1764
8648
915
3315
2336
4148
7432
5548
9627
3720
5928
7408
9266
8284
6020
5598
5708
3261
7215
3291
337
1277
5215
204
7590
5131
3627
5760
8745
734
3411
4357
8900
9389
4482
5639
3183
1565
5016
8111
3779
7422
7127
7402
5994
6362
5738
3053
482
3653
1712
2518
9125
2182
3813
5852
950
9715
1694
8850
5060
5732
6284
3945
6602
9011
5523
1571
9235
6486
2534
4268
990
722
9726
5707
3440
4946
7928
1514
4828
5012
1130
2959
523
7790
3677
3171
9320
5350
185
6288
8477
6931
3055
4245
2764
6206
6185
1480
6078
1769
6165
9736
78
9228
4085
8703
8542
6032
3223
7623
4134
1854
6535
5579
5025
8581
9898
7312
6719
4500
2095
8007
9134
9136
1963
2807
6886
4222
7743
8540
76
9851
6238
2032
7266
8136
7863
1844
907
2485
1107
9199
7822
4698
4142
8573
8308
8275
6388
8217
968
3785
1901
5638
5463
2908
5859
4015
5345
6968
4668
8509
8132
6727
6102
7135
8265
7958
2778
7188
9635
1464
6506
739
8410
6841
7138
9059
9105
426
3808
6818
3345
4302
6614
3106
9180
4007
1328
7178
944
2526
4270
2947
515
8859
9697
3759
4632
3152
1004
4498
2741
1796
8051
458
4631
6092
262
9780
792
1164
2452
6988
7953
9585
6783
6160
5340
4887
3375
1832
6483
5139
4458
1695
5931
5629
32
2707
9437
5897
3244
4978
7282
4364
7823
4365
9686
1084
7767
5948
4035
4945
8285
1775
3656
2547
1666
2309
201
2131
2269
1509
3042
6601
3716
2618
2517
4115
1096
3314
3638
3129
4727
3624
6266
2480
3132
9953
1095
7500
8300
3493
5199
9239
8439
1940
2831
9692
1750
8317
5357
3265
8933
4295
9031
9060
561
8036
9901
3416
1984
2830
2626
8715
7044
6064
9071
2598
9799
6197
1532
8481
1910
8022
7534
5349
6659
7358
9712
4294
6356
8975
6409
7220
3164
9558
9664
5578
9592
8711
6524
3280
1318
2622
9029
564
7807
50
3377
91
4177
3549
230
2431
4918
9135
4453
9182
7596
4047
4419
7357
9070
9539
9747
2255
1675
1065
3245
2939
2376
2051
9436
448
6867
8805
122
5050
4512
4710
5792
5601
2651
3918
3738
3382
9159
7323
630
9986
8471
6131
6653
2808
3831
8025
6049
3878
4926
2757
5877
2968
5356
8882
6085
1559
1756
2412
3380
3123
7364
4957
8043
3022
2676
9844
7126
9413
6767
6318
4205
3476
2486
3885
4749
6098
8406
2917
1460
8310
8809
9041
6434
2792
1765
6592
3146
672
3454
8793
921
3390
6257
4096
3647
3284
694
4670
4338
6851
6080
4599
8687
1861
3073
9464
4319
16
546
5697
4575
6473
8714
6748
8266
4897
3784
5907
2481
8903
9299
2577
6508
8329
4561
1516
3427
5174
4679
1977
7019
3839
664
9651
2211
3426
4992
9056
5202
885
1166
7982
9737
4765
3200
265
5845
5507
7175
1385
525
5404
1014
954
2887
2136
5280
2713
3151
5161
5518
2404
2465
1673
8997
8283
8014
9949
4595
6799
3481
8139
7765
6611
2797
6574
8476
8203
8782
5582
1410
1511
5959
8673
8456
703
4158
735
7253
3679
5672
9993
435
1387
7099
1163
8478
1432
2352
1988
7350
3312
2880
5910
7366
9484
2424
1597
9959
6762
9820
7638
3085
8896
6662
8402
3072
7566
8032
1389
6928
8419
8464
6363
2063
3063
2100
4890
1420
6816
4093
3021
8521
3259
1202
6796
1985
1289
7230
4673
2074
1445
6384
1623
5100
6909
6291
3216
5783
2216
5718
5458
6458
2036
6162
1523
9661
7151
9578
4783
5256
1237
2248
7838
8697
3773
9210
2159
5766
2379
4979
8746
3817
4314
6274
9718
6258
2469
8084
1078
2798
5196
1510
6453
13
7584
8207
6076
8732
1114
7891
8383
5653
7298
8434
1119
1691
9236
8313
2951
5753
8219
6553
5625
7698
8623
539
4317
2541
647
6493
3867
9285
7439
8470
6463
4660
626
2644
3840
1271
4540
1381
1777
2781
5735
174
6320
5895
2267
2117
3863
9603
2739
2558
8344
3915
753
9672
8877
9604
4160
9694
9066
6684
8046
7741
6168
8068
1000
8117
5135
2315
852
451
7045
2596
3977
7262
6474
7809
6233
1139
6332
808
5494
8652
7128
7041
1377
225
7478
5840
9593
318
8416
5070
7277
7224
3864
491
666
66
8920
4763
5288
7279
7158
4232
6487
3678
5389
9373
2500
7701
4185
3845
7027
1561
1491
8963
9805
4586
6932
1879
3958
5917
1933
2356
867
9881
8498
4984
6270
1035
5557
6902
155
3756
5053
8071
7785
5767
3299
8801
5041
9751
1406
8539
4193
5275
4994
367
9774
3004
3997
5106
5512
6979
5782
8755
4043
3609
9847
6007
929
2681
1886
5530
1229
2140
5371
2397
810
5495
422
2751
2636
4589
6183
5011
3419
9874
7247
3774
1911
8501
5906
3930
5607
5403
8486
4792
7308
799
8694
8056
1326
1426
5165
1371
7156
9162
6013
6806
3907
2949
317
6667
3249
3306
3243
2129
3905
6645
5728
7336
7251
3597
323
2740
2928
4324
3530
456
1636
1717
7552
4911
6995
3990
1436
3561
8688
3957
3630
773
8512
9335
3023
8252
532
4567
6387
152
2729
4952
8112
9223
7750
2875
8358
8913
7289
975
3286
3947
8394
7501
9082
7119
9049
8580
7314
8932
8528
2910
2817
4964
974
2851
5037
6171
3523
3327
74
5096
6243
2656
4801
3322
7831
755
4960
6587
1912
3169
7168
6885
590
3803
9126
4457
7604
425
1972
5898
9530
4823
147
2604
5048
3770
1245
1190
5320
2863
9625
2068
5757
6681
9560
3076
8135
8864
8076
4135
9822
5726
569
7182
4888
1618
3652
9326
2931
2138
6323
1172
283
5878
7516
9101
1831
5680
9887
3131
6205
6724
9456
6091
8034
6276
245
7197
3109
2998
7603
8874
3128
9609
994
6440
2400
5074
291
7386
197
8970
2277
8055
1451
9835
4558
4807
9252
5972
3019
1729
2738
8589
9556
1246
7818
1261
7087
2978
7491
8086
3399
296
342
8582
2416
818
5529
3040
5765
1300
2071
3201
660
6347
3256
7955
1883
6962
382
6795
1885
2804
2483
7397
286
8902
5673
9012
593
4578
1017
4110
3836
2200
9153
1928
4140
1793
3407
2289
2674
437
8205
6544
226
4757
6569
8376
4013
4367
55
8548
7467
9200
2422
5321
328
1218
7593
7147
4814
4784
533
7073
3743
8895
9321
6984
5711
524
8316
6223
8674
9666
4980
5731
8680
2382
2932
7365
9879
359
1183
6135
1964
5095
7066
5390
2544
7058
3483
883
9570
6103
8731
8776
7000
9332
3732
9425
6105
424
3903
1168
2016
713
4328
7769
3428
851
9920
9261
796
5323
7183
5242
4580
979
372
8873
3712
8657
2715
8608
725
5170
3941
1686
9542
8307
157
1798
7339
250
7038
8261
2221
1490
6966
4322
1922
4470
6566
2743
1643
2233
294
2766
5588
9765
7417
4683
4040
267
1111
7864
3338
4147
1423
3033
4356
5957
7787
3742
5725
1663
3709
4417
9212
8663
5348
6828
7047
6603
5988
6923
3681
1284
2537
5365
9987
1952
2270
2372
8396
2935
2490
4197
8368
7010
6643
3846
6735
7517
7797
4661
1809
7758
5191
8041
4584
4581
9598
1176
6879
6048
7040
2273
3188
7437
3513
4174
2960
5398
6343
5592
9216
6199
2918
5436
6958
4277
2708
6454
393
310
7592
2760
4099
5488
5973
5355
9836
9808
6702
9531
3122
4397
7984
4713
4927
3250
3934
7581
605
8115
2925
5654
1791
5981
2440
5901
2353
5605
8019
1054
2151
4594
7857
1935
2720
443
7829
6714
8610
5787
9555
6361
5326
7245
7895
4400
2838
4195
5101
9171
9033
9336
1808
5558
3842
5093
8544
4734
886
9569
9573
8644
4533
9633
4399
6446
6373
6002
6627
2476
8614
9745
4711
1823
4488
2802
1124
1368
8987
9680
9297
6758
3111
3270
4829
9183
9149
8173
1894
2997
4859
8596
6859
3251
1877
7719
8503
7114
5364
7498
5171
5333
1281
1676
8778
898
8865
8545
215
7142
3691
4418
4186
1472
397
565
5487
2630
6850
580
7877
9439
3994
6186
6086
8522
6866
6372
9767
7401
4258
2737
8976
2730
1311
2552
2109
9721
7036
8260
7330
2268
4463
9934
4353
3070
7867
6344
4020
1125
6231
8017
972
6665
9562
5416
7032
6351
601
5216
7338
1563
7476
5137
2828
2969
3449
1053
9458
1193
3599
5272
8720
1197
9151
3271
8955
9837
5627
9763
3847
1298
4772
5817
6834
5087
7413
1548
812
3895
3453
4476
2992
1204
6289
8099
9426
2055
1704
2256
8624
100
8459
5307
9440
2463
1576
4407
9821
9762
8060
8192
8563
9579
4401
5409
2813
9599
3343
192
7598
7305
1970
4797
2261
9565
6784
2389
743
6863
1546
3621
5179
8365
180
5695
7899
3761
5084
8944
5749
4025
4210
116
6094
9753
4184
1235
1438
7520
863
4112
6969
9124
6005
8018
8083
7454
2278
4756
1991
5770
8930
2977
8361
6598
3475
2568
980
4708
3175
2852
3373
7845
8918
8693
2401
5287
9345
6275
6868
5401
6778
9890
2392
1865
6518
9406
1376
8876
8162
8049
7184
5055
1108
170
9582
5807
3360
3955
4468
1646
8130
6455
8729
2509
1434
3660
6728
8473
8303
4231
3873
3195
1090
2990
7283
4443
8322
7455
913
2135
2049
2508
4041
8312
5363
1705
9856
256
8206
8165
5489
4271
5517
5058
5324
5327
5762
7961
3713
438
9730
6398
1656
1448
119
3366
8643
888
4414
7542
7890
9385
5786
4087
2788
7353
3349
9028
6695
9346
8712
9717
1276
733
8983
8370
4343
498
7760
1007
3559
7944
625
9173
9924
1315
4150
6061
6835
5361
6527
696
8910
9590
4108
385
3787
1649
8717
7226
6690
7886
6077
3323
1547
5316
2178
5402
5509
5900
4315
49
4616
6889
6196
9984
5021
6615
784
6435
8994
9871
1402
8437
2386
9429
5374
8208
6304
6329
1881
4937
7234
2612
4880
3573
1362
465
699
1034
3860
7024
8156
4385
8838
3695
4873
4591
5969
2821
8601
6059
3772
8678
3975
5387
4165
9909
2070
2098
159
6014
5630
9204
353
9509
3238
2836
5778
5198
4648
6151
8954
2597
1115
3972
3386
1574
4451
7588
8088
3618
2897
38
7321
2845
7579
5951
6887
9470
4187
5705
8282
6360
8942
1189
1601
7927
6113
2523
177
8134
7310
8338
6862
5904
5116
6428
2948
6336
3696
6898
3078
9643
360
522
3924
1398
4726
4194
7841
3725
9903
1347
3794
4769
5552
6781
1254
7326
9772
8318
6833
5432
8230
2360
1789
8960
3750
4799
2650
4641
4219
3441
7766
9322
1091
865
5210
5570
4724
9645
4137
7940
6297
9194
9559
7561
1179
5656
1751
8956
984
3496
4276
2652
5974
1599
3861
3445
623
7587
813
1521
7302
5658
3825
273
5736
5794
2967
920
1038
5335
6754
557
2009
8700
2617
6292
2390
241
4680
1948
4760
8180
3030
77
9775
4514
612
2096
2385
97
2556
1208
4073
3447
252
1978
1025
2000
8257
6444
9253
2044
5568
6780
2723
5279
6621
4292
3532
2995
9349
7894
3229
9501
9810
4968
9646
8364
4059
6290
175
6940
1089
2330
3721
8866
7484
8611
7140
8305
9720
2438
1754
4510
9830
464
4539
9004
1783
9357
4284
4460
2005
5061
9970
8852
9534
8893
1135
5492
5026
1740
2467
5889
2762
567
3648
9491
3433
5372
8475
752
691
5788
2111
5224
7948
4896
7599
2343
1640
1009
1669
6593
378
8560
749
1871
6424
5479
7992
9277
9935
6549
130
910
7482
240
1542
2139
453
5798
938
8728
689
4289
7815
7779
742
3897
396
4293
1707
7232
1590
4313
3923
8497
5540
7020
2191
2122
2222
8496
8466
5204
1441
5909
5604
3901
2903
421
6998
7091
5573
2654
377
4736
8783
2609
156
402
3985
295
8258
9754
5153
5545
2413
9938
6689
6993
7029
9201
1800
2692
4323
3505
7885
7956
6413
4665
1810
8869
4645
2484
6809
5826
289
9850
1226
3233
5251
658
3376
8818
2540
35
1068
4663
1184
5109
6899
1615
9379
574
2381
7696
1230
7383
8794
669
6025
8739
9378
2869
9749
6790
7062
2328
3601
7837
2620
803
914
9504
3882
7261
5539
3028
8161
8355
5882
3124
3579
3616
889
8872
9305
7757
5347
4721
276
933
4055
4949
513
1655
102
6445
7173
1207
4812
2559
5780
133
1702
6777
417
7
1291
356
5045
9140
8494
7683
2446
2550
4106
9048
2658
687
5442
4063
2835
8085
5918
670
8271
7077
659
5814
5975
5493
2616
6498
1292
5162
8175
5085
1162
6015
7523
467
8332
6542
794
6050
5366
2912
1161
1987
4244
195
5490
2850
1893
7438
3889
9857
4886
8108
2683
1804
5825
5188
9213
8642
6069
5976
2456
6861
3356
8380
9648
7631
9229
2924
9785
5851
2300
596
8273
497
816
4446
3859
6651
9260
6075
9611
6381
718
10
474
934
9508
9254
9797
501
5515
9486
2433
1692
1425
2561
2250
2530
3593
9291
4050
2974
4991
4391
2952
6141
1339
4894
5234
2697
6193
3560
4316
7689
5297
379
3313
5954
7969
967
4359
7064
3350
2354
8727
7806
7633
1158
8947
4434
617
6109
1681
5646
5821
4608
9884
4394
6000
7888
4127
2976
4547
5587
9891
1899
7628
1824
6226
896
9000
7207
5537
2870
4467
2872
4795
3517
2570
1005
355
640
5298
7761
1586
8592
7576
8916
1043
4706
8255
7239
9106
8891
9574
1868
5169
8830
8224
6670
3755
9138
6421
2668
9723
8771
790
8885
3288
4388
3550
4406
4062
7522
9366
1620
5599
9465
8194
5159
7481
781
7862
1848
3557
8302
1174
8087
4450
5391
131
7134
3143
8754
5945
4687
4159
5455
2299
7472
5031
9447
3810
457
9063
2965
7771
7967
7124
4638
8163
8080
298
7850
255
9637
2042
3726
2286
2501
3276
5205
2984
3368
1028
2592
9155
9498
4327
1813
1995
8444
3088
9108
8125
9859
9111
1718
405
167
881
7136
9776
3876
5222
6299
6608
8077
4518
4940
9978
6251
5660
6390
4707
9839
5683
2203
9372
9115
5334
8334
1023
3973
8764
3661
3422
9626
4817
9538
2275
8042
822
2531
6943
7903
3970
7349
4933
8889
3448
4264
2442
3100
5715
949
24
5886
9650
1554
5035
2981
8465
242
9738
3431
7680
2395
7704
2162
2034
9394
1131
8331
9055
5260
2179
5254
6497
4168
1996
3891
7717
4587
2453
7869
1012
247
2902
5103
9119
4154
3173
2647
2823
1819
6819
2104
9415
4427
6517
5628
8287
249
9541
2745
1863
5621
3527
4167
4737
23
4033
7515
2926
1199
403
8288
7572
8706
8279
8427
3735
9084
637
4133
3103
2013
6953
1336
1440
772
1094
3041
795
7794
3119
9034
7900
4386
5265
6960
7445
559
7951
2961
8124
8803
6392
5915
7379
9952
1249
6311
7652
6757
2374
6200
5300
5304
8270
499
7411
320
7836
9518
6814
6423
3643
4972
8397
2913
8059
2861
7060
8446
566
2206
1956
6731
4614
1145
987
9497
6634
5809
5559
6596
5690
4278
1525
3539
2133
8634
4598
8183
8568
1722
7120
9735
1475
740
1642
3025
1220
5721
9001
1022
6977
5703
9537
2114
5446
973
1950
1613
8742
516
4864
3933
3405
4065
2611
3081
3717
8153
1667
2899
5751
5590
7577
9988
12
6104
1790
1194
877
5764
7284
1522
9834
5276
4909
3367
6425
8462
5485
2127
3215
4203
4331
4862
2201
6730
6280
9673
8306
5462
2662
8547
2543
9433
183
2696
275
7664
9234
39
5024
543
8726
7942
8002
2856
5006
4447
3987
4839
8469
4774
1255
3984
6930
6337
8412
2418
7977
3014
8484
2168
7450
3570
4649
8938
8612
9868
9711
8959
608
439
8992
2805
1061
5781
9802
6511
2415
8971
3133
4199
9996
8480
1839
2163
8511
1529
6853
115
7112
2037
5902
7217
6743
9462
8238
9553
7171
5232
6551
9371
770
9102
4221
7037
4169
991
6817
7061
3066
3879
4804
6980
6580
9606
2876
3736
4653
2320
9954
7641
3607
9411
8024
8828
8359
2189
7039
6037
3509
8577
562
221
7670
3048
5117
5984
7012
5602
4858
188
1954
3828
6415
7882
5266
2030
4105
2768
6422
4339
6095
8841
8339
7466
6839
4001
7978
6561
8371
7754
5924
3329
729
1117
1214
8780
3974
7177
7678
2224
3061
4032
2126
7559
4370
1201
581
8734
6229
834
2038
5075
4878
7376
203
3222
4825
7796
5717
7729
9906
6478
9961
2575
776
7507
7692
3888
8677
7096
7209
7213
218
489
9174
9927
946
1247
4626
9985
1582
1138
5848
4830
8854
9390
4570
5593
5449
6792
9422
766
6871
1739
6417
6321
4782
8912
1760
5839
2417
1820
655
3730
9238
4084
7004
3479
3077
2089
3219
1329
2826
4938
3007
5375
8786
6443
5583
9513
6282
4000
1488
2134
6572
6525
7904
7056
662
6832
7139
1986
1641
651
6295
2499
1433
341
8849
1273
9396
6159
4613
4413
2305
3741
5315
4515
3654
750
4191
7824
2477
8853
369
3956
8593
4579
373
7979
3036
4607
5480
6671
3018
9381
1010
894
2775
1069
9549
4654
2958
8369
7049
9636
2367
248
2879
1581
3760
3296
9771
9933
3780
3795
861
9624
9800
6583
3421
5812
3204
4129
5854
3644
1463
3139
6006
8945
2857
4976
1595
409
5881
1092
5613
8399
5231
9089
8253
842
2670
5555
508
3778
278
2502
6187
9361
9994
8179
9870
5577
1499
5754
6773
5023
9759
1512
2287
9807
7081
9416
6918
5836
3253
4128
1305
3057
5226
5420
8447
1659
1103
8504
2420
6744
3174
3273
1767
1657
1785
1909
4269
6305
4337
4027
1221
7468
8172
2406
5648
8665
6824
9386
3406
6531
1608
4950
4787
3926
7617
4805
8671
332
6216
1064
6640
1743
4275
8357
4740
469
6377
4123
1560
4506
6068
4525
4152
6582
9196
3870
1479
7827
6978
2425
1699
2900
7427
14
9571
537
2994
1771
1864
3515
6209
6132
4534
7057
8659
1654
3665
4448
2471
8615
7535
2105
6639
9471
5844
3872
8311
2584
5336
6946
4664
5834
3353
6852
5617
8039
801
5429
7920
3234
5996
9358
6027
8390
8789
8639
1916
196
675
7676
5269
8636
2345
1140
2020
7403
7005
2747
3896
4919
7458
762
3298
5921
5329
8246
8517
1628
9286
6915
4508
6893
6374
1123
4481
6742
1504
7035
8240
3026
3207
7372
4111
8233
4900
9690
1039
1458
5606
6956
3135
2174
6264
3757
9188
1752
5069
930
4932
1469
7529
5186
5818
597
1452
5107
3749
9615
1303
5614
8621
7400
1558
2351
8
2094
5876
4212
5795
5176
3425
2839
8182
327
978
7252
510
6416
9894
9495
6222
4822
459
1918
4618
2548
2638
986
9100
5305
7242
5858
9475
1530
9950
9184
5180
2888
6111
9977
6116
7006
7273
3209
5471
2069
8928
9704
4011
5502
8670
1959
4077
4094
7465
2103
4242
336
6941
9315
5177
9165
219
9170
2682
7736
1757
836
168
2087
8004
209
4318
1173
2246
2010
3908
8451
5310
6314
2264
3983
9622
446
5422
7713
3969
6221
7813
3185
1908
1118
4678
6489
7957
5574
7028
5947
9507
4209
9900
9274
53
3776
3507
8422
5670
7600
6763
7352
3948
151
3752
5381
4562
8603
3240
5459
1349
1696
8102
5828
352
9091
7118
7917
9225
7340
111
4144
8695
1589
8323
1384
6119
2862
2832
4485
2923
3871
1817
9161
57
9428
620
1002
9852
6073
5804
5566
9147
1665
8658
3218
2664
5791
1037
5687
1619
191
8116
3569
73
3489
3310
92
3472
4845
6018
8823
2373
5380
3435
3032
6125
534
2154
7667
5408
9948
2342
9525
4412
7788
3537
8003
1
9051
6999
859
6457
5501
8557
1531
1083
3968
7371
3232
3423
363
9742
6526
1225
4717
8791
5121
7661
4120
931
2819
2635
9323
5572
3524
3437
5935
616
5425
2809
1992
2332
2027
8021
5883
4189
5779
2756
5678
1442
8529
2458
9612
7908
6647
4335
9689
4501
9307
9117
5543
3162
7259
9077
8186
8638
9929
8906
9533
1945
8054
351
8096
4227
6917
5218
6844
1936
7007
8185
6146
6163
2724
8972
6108
193
6538
7601
3246
8792
3782
2936
2110
6260
6708
7237
3634
5164
7672
6107
2214
9867
4910
5693
6249
2970
538
512
3412
2920
7433
7274
5115
8627
2771
8725
4423
7649
8362
3096
1543
8058
2704
1325
2423
1939
4685
5483
6326
6254
9634
3988
8883
8724
4274
9517
7377
6214
8744
20
9262
8532
9833
4483
7449
1605
6760
3082
1818
3237
507
1422
7655
1033
7939
1855
797
2759
6100
8862
5195
6293
398
7898
4816
2991
805
8710
2015
6408
6195
8259
4699
7447
4997
6397
8832
4728
2546
3469
3686
3832
7071
7543
216
6484
5331
4692
6560
5460
6856
4893
2661
9700
3225
7034
584
7017
892
3562
6357
3305
1907
7333
483
6139
4053
9883
8524
495
9725
2944
7167
9347
3027
9007
7121
6804
3636
9019
6066
1779
3632
8531
384
2130
5412
6971
7814
928
3703
1283
8937
165
963
6911
5747
2153
3302
5091
3707
1616
8052
802
767
8914
7770
5758
7216
4299
5407
7861
5903
1082
8389
125
6215
2892
7695
1148
8320
9575
2538
8360
9619
6875
7473
8649
2873
6294
6831
6625
2317
5182
5296
6298
1180
3697
5527
9687
8067
4466
550
5475
1700
1160
31
2468
6405
9519
3641
5478
1287
7607
5542
7392
1322
2803
5622
2698
6204
1594
2834
1535
5104
2399
9369
79
7759
587
9362
5819
5990
9081
9087
9564
2579
9256
7320
7985
2227
7387
4701
4603
8760
339
6820
4560
2643
7622
4877
8842
869
7924
4190
4381
5551
4600
7389
5388
5939
9971
9584
9414
9148
481
3919
7503
1487
9420
6071
9966
3465
3698
1931
4471
1723
9189
8463
9344
1047
2067
3692
8647
6
5816
4006
4208
3673
7475
9649
1837
7191
3710
6137
2123
2308
3964
315
2725
6949
8269
3292
4336
4866
7902
671
2346
3352
3357
1668
9669
3287
4747
3331
4962
303
8768
8144
7451
2057
6044
2473
4075
3595
2551
4718
2599
7145
6482
4286
741
3820
8101
9710
4571
1198
3378
3196
2980
9811
552
2726
3986
9921
3528
7868
2580
8816
354
454
2120
890
4755
316
1400
4602
1044
7441
2254
2937
5047
83
1778
6939
7496
7606
4049
6514
1027
8100
4421
4139
6521
4966
8386
2240
8221
3355
6093
9003
7919
4170
3486
621
8552
1100
4686
6825
5899
3893
307
8181
8104
8191
6693
6533
6534
4102
3998
1591
8089
7511
2464
3812
3899
2419
7204
9572
540
7558
9727
1079
7519
1110
4803
5211
3161
902
3852
5824
6936
1156
8881
2149
1268
1055
4332
2326
4066
7875
7345
7369
9895
9466
6991
5913
5450
9397
6789
8234
3542
1401
2794
90
8267
3747
2867
8166
2370
3937
2365
8860
3993
1323
5283
5469
8839
6761
1185
9607
2853
1153
5344
3450
1241
8170
5964
9244
4634
1466
8095
2844
9521
2083
7327
4290
2891
4416
8452
3008
6519
1414
8262
1015
5661
636
723
9595
5952
2678
9208
9133
8953
9794
1259
8510
2955
3900
5141
4652
6170
6741
9967
2632
5233
7912
2148
1212
3009
4204
8723
8274
4667
6263
5567
4908
8247
309
9186
7424
7094
8682
9050
3301
935
8415
5497
5873
485
824
2770
9563
5221
7238
1882
3659
3248
1923
7549
7828
8074
7694
4080
2298
4091
4628
4655
3508
7258
6300
4263
4438
1979
1215
5584
4981
9263
5923
1802
6436
6334
5612
3704
3734
8150
9404
2963
2930
9630
3669
4851
966
6959
8479
8211
1587
1297
4433
3911
9438
6721
8160
3348
7025
5241
3498
3067
1049
3247
5268
3444
8375
5376
9395
3711
4247
3605
2765
1786
5072
4585
8461
8458
3383
5516
7994
8120
2790
9972
2004
9222
8705
4928
120
9741
3925
1737
7560
5127
9271
4881
7858
9862
4250
819
6352
8441
2904
6494
2170
8140
6989
3167
1006
9467
9580
7102
2528
2172
8957
5228
3594
9702
3781
1580
924
7233
324
1409
371
6904
560
343
2520
492
3224
4901
3777
5470
5076
5644
3533
3600
6166
6154
7859
6884
7843
5477
9908
7611
5610
8795
1375
2303
3694
1719
7098
6736
9221
4163
9653
1505
6691
7390
7921
7573
4257
374
5698
9198
1968
6112
7093
5576
2846
4241
9317
5504
4479
2048
7671
7116
4882
3834
1703
7798
67
8708
4861
4403
6770
2175
8821
311
1474
3575
9757
4565
2864
716
4987
4342
5445
3347
3480
2209
9744
9150
6965
2296
3940
7740
217
8195
9642
5813
9092
7733
9142
5461
6787
6947
2335
5942
1880
178
4990
5291
1481
7964
1408
6606
7344
5655
9382
106
3615
6021
7311
2026
5624
4785
3492
5473
9863
5227
44
2624
6726
8943
69
6340
3545
6327
2966
3084
7973
6394
484
3430
964
6468
5338
4395
4524
9817
4464
2369
6846
9374
7524
6097
6499
4509
1971
2035
1870
9621
6652
2680
1317
4254
2801
4921
2283
8606
937
846
4444
3326
6712
3851
9915
5631
9282
4326
4046
2454
1859
4883
3387
791
7456
8533
4038
1344
6713
3536
5533
2253
6134
3108
1391
3811
3268
4363
9401
4523
7508
6389
6312
1242
6562
1942
2822
9706
8819
661
4478
9520
4753
166
6245
2166
598
1085
5549
7256
1862
5293
6012
7656
108
8833
4930
3745
72
3683
2387
609
9383
5803
4693
5454
573
3156
416
8345
9755
1551
6791
5671
9502
9732
6380
2640
46
3552
9057
326
2292
7479
5919
530
2957
1449
3094
698
6307
5111
5271
6594
8655
2144
2893
5830
365
1685
6335
2363
6063
9482
9724
6581
3125
7267
3753
6365
6755
6140
4036
450
1192
8395
1024
325
7993
4044
4970
965
3602
7097
5843
6668
9955
1904
4387
2868
6452
6848
9731
2088
9543
2600
8982
1116
7697
9781
8304
8223
7111
8788
5343
6016
1896
5733
2450
7347
6155
7995
4625
2750
7644
4815
3172
237
7545
4346
6129
3547
3626
989
2012
9316
7821
8756
7923
9478
4425
1508
8576
3869
1903
3733
8772
6921
2461
2716
3664
2146
2197
9206
3205
8880
6308
827
7287
895
9613
7983
2405
5482
4304
6838
4226
5099
4568
2359
7108
3140
9107
9876
527
4230
7830
5796
1872
3516
1630
7991
3187
8738
4606
6801
6396
7278
5457
4273
5855
8348
4791
9412
3685
3938
2667
9076
4054
5322
3966
7997
5067
370
3768
8013
8651
5051
1658
1762
9600
463
3657
4720
3815
7504
7735
9904
7637
4432
1405
8820
3393
4942
9939
4235
4344
7856
279
3819
6716
2284
236
8280
9120
5019
3728
2041
4751
1293
8297
8718
9308
7839
8254
479
7512
9044
7022
3054
5837
2084
2964
392
2341
4171
9632
6573
586
4246
3555
2601
7526
5129
8349
3497
6001
2545
8159
8815
2727
4017
1439
5220
3617
6268
9276
1484
2039
7662
4716
4151
1710
7594
5651
8785
9187
1835
4651
3317
3971
7176
2113
1827
2684
8543
5659
8767
4682
7203
6673
5083
6704
7185
6501
5385
1312
5163
270
1552
8554
494
7583
6964
2776
9069
3136
7325
6907
1227
7380
6065
2378
8235
1834
7243
4709
3843
8277
5249
8575
1849
9137
4153
9743
1473
4252
1213
383
1612
7292
7202
3157
7949
5358
7887
825
6212
7819
4261
2304
3414
5270
3417
8974
5888
5451
3949
4224
2535
3848
6981
6237
9769
5354
5435
4083
1915
59
887
60
9064
6934
5317
9009
3674
6892
4796
1759
2361
5743
855
8031
3789
9550
7257
1102
4715
9693
9127
786
6703
190
322
455
4551
8105
1821
7947
6437
1067
5143
3114
5867
3255
75
858
6631
7772
3631
7206
8472
2239
2814
6030
19
2905
4947
9500
5513
1308
2076
6181
5132
