99997
99980
99979
99945
99944
99930
99926
99918
99914
99912
99884
99881
99867
99859
99826
99816
99816
99815
99808
99807
99794
99754
99745
99734
99730
99719
99706
99701
99695
99693
99671
99666
99648
99637
99599
99590
99587
99574
99571
99562
99558
99555
99538
99529
99527
99505
99481
99476
99472
99462
99461
99458
99449
99449
99443
99427
99409
99409
99400
99388
99372
99339
99319
99304
99293
99287
99271
99270
99260
99260
99252
99250
99245
99233
99226
99224
99208
99199
99195
99182
99147
99139
99132
99131
99127
99127
99126
99123
99120
99115
99100
99092
99090
99089
99085
99078
99077
99071
99055
99048
99047
99046
99045
99044
99029
99020
99014
98984
98973
98964
98960
98955
98948
98943
98933
98924
98924
98893
98890
98886
98885
98883
98877
98843
98838
98828
98827
98826
98812
98801
98799
98775
98756
98746
98746
98745
98730
98727
98724
98720
98709
98702
98698
98695
98693
98671
98652
98646
98636
98602
98602
98559
98541
98521
98489
98489
98488
98483
98462
98454
98446
98444
98432
98432
98428
98418
98411
98410
98407
98400
98362
98357
98351
98347
98346
98343
98331
98331
98328
98327
98315
98305
98303
98289
98288
98287
98285
98283
98280
98276
98275
98269
98269
98266
98251
98249
98244
98240
98238
98229
98217
98214
98213
98191
98189
98175
98173
98155
98137
98125
98121
98089
98075
98072
98069
98054
98032
98014
98006
98000
97980
97975
97974
97970
97965
97954
97937
97936
97923
97915
97912
97905
97893
97891
97888
97873
97853
97832
97818
97811
97804
97793
97780
97779
97771
97759
97758
97756
97753
97752
97752
97751
97749
97738
97730
97723
97708
97706
97706
97706
97700
97688
97682
97677
97671
97668
97664
97650
97622
97607
97593
97586
97586
97564
97531
97497
97475
97473
97460
97457
97447
97437
97427
97419
97399
97394
97389
97377
97364
97355
97303
97292
97285
97281
97279
97274
97274
97264
97239
97237
97236
97229
97225
97169
97138
97113
97110
97103
97100
97099
97099
97094
97093
97086
97084
97081
97078
97076
97073
97046
97036
97027
97008
96997
96990
96987
96985
96983
96979
96971
96969
96950
96932
96909
96878
96867
96861
96851
96847
96846
96832
96826
96818
96814
96782
96761
96758
96756
96752
96739
96723
96717
96706
96705
96690
96684
96677
96672
96653
96646
96641
96639
96632
96613
96607
96583
96580
96574
96568
96539
96510
96508
96506
96484
96480
96474
96468
96462
96461
96450
96425
96411
96394
96393
96391
96369
96366
96364
96350
96347
96345
96335
96329
96319
96307
96298
96290
96280
96277
96269
96255
96245
96240
96227
96226
96224
96222
96206
96185
96164
96155
96151
96144
96142
96129
96126
96120
96107
96091
96090
96089
96084
96079
96059
96057
96051
96046
96042
96034
96025
96014
96005
95994
95934
95923
95912
95906
95883
95880
95876
95855
95839
95836
95822
95796
95790
95788
95786
95785
95769
95742
95734
95729
95728
95728
95709
95705
95685
95685
95683
95672
95667
95631
95618
95607
95603
95598
95597
95593
95589
95581
95580
95559
95541
95536
95536
95531
95516
95510
95493
95489
95487
95484
95483
95472
95461
95450
95449
95446
95430
95428
95426
95413
95393
95384
95384
95382
95381
95379
95366
95338
95329
95328
95311
95294
95292
95286
95277
95260
95242
95229
95219
95207
95198
95182
95167
95164
95158
95157
95156
95140
95140
95134
95127
95126
95113
95101
95099
95082
95080
95074
95063
95051
95027
95013
94993
94990
94978
94973
94965
94954
94953
94942
94932
94930
94926
94910
94906
94884
94871
94866
94861
94852
94843
94841
94823
94822
94818
94813
94794
94752
94744
94731
94706
94701
94696
94692
94691
94674
94674
94668
94664
94654
94652
94646
94639
94625
94611
94603
94558
94555
94547
94536
94534
94529
94515
94490
94485
94485
94483
94479
94477
94434
94426
94426
94418
94414
94399
94396
94396
94392
94364
94352
94341
94334
94311
94301
94290
94276
94258
94256
94245
94230
94229
94212
94201
94198
94164
94139
94125
94124
94116
94114
94101
94097
94094
94089
94085
94078
94070
94046
94040
94037
94020
94017
94002
93993
93991
93987
93970
93962
93955
93939
93933
93888
93886
93882
93856
93854
93846
93835
93817
93817
93811
93764
93758
93757
93757
93756
93754
93749
93748
93737
93730
93726
93721
93699
93698
93676
93662
93660
93652
93650
93647
93637
93556
93556
93556
93553
93551
93527
93524
93519
93516
93512
93499
93478
93469
93450
93439
93435
93424
93405
93404
93396
93381
93378
93367
93351
93327
93322
93319
93316
93282
93278
93270
93262
93226
93225
93222
93220
93188
93175
93168
93164
93152
93139
93137
93122
93095
93090
93089
93086
93081
93081
93067
93059
93058
93055
93055
93050
93049
93046
93039
93031
93022
93008
92993
92989
92984
92981
92976
92970
92956
92934
92925
92907
92855
92852
92849
92847
92846
92844
92829
92812
92800
92793
92793
92784
92780
92762
92759
92750
92746
92719
92717
92700
92687
92687
92681
92662
92658
92651
92646
92635
92633
92627
92627
92607
92604
92596
92585
92572
92536
92515
92515
92502
92493
92490
92459
92456
92455
92448
92424
92423
92421
92417
92408
92399
92389
92372
92371
92368
92349
92346
92304
92301
92292
92287
92285
92281
92281
92274
92270
92266
92265
92255
92223
92211
92202
92190
92187
92182
92170
92162
92156
92151
92151
92148
92137
92133
92124
92102
92091
92088
92071
92067
92058
92052
92050
92040
92033
92015
92002
91984
91979
91978
91927
91926
91909
91907
91902
91888
91887
91883
91877
91870
91867
91865
91856
91854
91841
91833
91829
91806
91779
91769
91762
91748
91732
91718
91714
91712
91703
91701
91694
91689
91677
91671
91664
91639
91637
91632
91629
91622
91611
91611
91589
91573
91571
91542
91538
91538
91533
91509
91502
91495
91491
91488
91482
91471
91442
91436
91423
91423
91417
91414
91414
91390
91350
91342
91341
91338
91315
91315
91290
91267
91263
91259
91258
91247
91245
91237
91224
91220
91213
91212
91193
91180
91159
91151
91139
91138
91138
91107
91105
91049
91045
91039
91016
90979
90953
90939
90932
90924
90915
90909
90890
90863
90863
90852
90825
90821
90791
90767
90762
90760
90751
90748
90732
90731
90706
90706
90687
90686
90676
90643
90637
90626
90592
90590
90580
90548
90546
90543
90542
90534
90530
90504
90497
90485
90483
90473
90454
90447
90441
90428
90424
90408
90394
90390
90389
90388
90340
90318
90289
90274
90257
90254
90251
90234
90228
90196
90193
90170
90170
90160
90149
90146
90140
90138
90134
90121
90103
90097
90095
90080
90074
90068
90064
90053
90051
90033
90003
89993
89993
89982
89972
89951
89949
89931
89910
89904
89900
89894
89878
89875
89872
89851
89843
89829
89824
89811
89809
89807
89790
89775
89774
89773
89767
89767
89757
89750
89749
89745
89729
89726
89716
89715
89714
89711
89706
89699
89682
89672
89661
89652
89635
89634
89629
89603
89597
89590
89573
89527
89513
89507
89500
89496
89495
89488
89486
89481
89466
89465
89456
89421
89402
89400
89375
89366
89349
89344
89338
89325
89312
89295
89271
89263
89259
89252
89233
89231
89229
89227
89214
89194
89178
89161
89153
89149
89140
89122
89105
89086
89067
89056
89054
89048
89026
89025
89025
89013
89000
88991
88971
88970
88958
88947
88944
88923
88907
88900
88877
88867
88851
88824
88821
88817
88816
88782
88759
88734
88708
88702
88700
88696
88696
88686
88679
88669
88649
88646
88640
88637
88612
88610
88598
88576
88560
88543
88541
88535
88517
88516
88515
88492
88476
88474
88454
88426
88415
88407
88401
88396
88379
88378
88368
88357
88347
88346
88346
88342
88342
88336
88334
88334
88323
88310
88300
88296
88293
88288
88284
88274
88263
88257
88228
88205
88203
88181
88177
88176
88166
88124
88115
88114
88111
88109
88106
88091
88090
88089
88087
88086
88085
88079
88077
88076
88075
88073
88064
88059
88057
88054
88044
88031
87997
87982
87980
87966
87954
87949
87930
87927
87922
87920
87915
87914
87903
87898
87869
87863
87857
87851
87848
87842
87840
87830
87828
87823
87806
87791
87790
87777
87775
87774
87773
87739
87731
87717
87709
87641
87637
87620
87614
87609
87607
87600
87597
87591
87586
87576
87575
87574
87572
87564
87562
87559
87525
87506
87506
87496
87493
87491
87482
87478
87466
87441
87438
87434
87424
87420
87411
87389
87386
87374
87362
87355
87349
87333
87322
87318
87302
87287
87282
87249
87240
87233
87222
87201
87182
87180
87176
87169
87153
87144
87144
87130
87110
87098
87092
87087
87086
87059
87058
87041
87011
87010
87008
87007
87001
86999
86999
86943
86942
86936
86921
86920
86910
86909
86896
86894
86879
86860
86852
86851
86849
86810
86806
86796
86793
86769
86759
86754
86745
86738
86735
86707
86689
86677
86657
86645
86630
86623
86615
86609
86609
86602
86590
86587
86572
86563
86557
86553
86528
86521
86512
86502
86501
86498
86493
86472
86451
86449
86442
86434
86420
86415
86410
86402
86400
86387
86381
86379
86369
86368
86347
86339
86335
86327
86327
86321
86318
86310
86294
86273
86259
86247
86244
86229
86224
86212
86211
86196
86167
86164
86161
86140
86120
86093
86092
86085
86072
86071
86065
86064
86062
86059
86053
86051
86027
86012
86008
85997
85996
85989
85969
85961
85960
85942
85930
85925
85882
85865
85863
85862
85862
85846
85845
85823
85806
85796
85761
85749
85743
85741
85725
85668
85662
85655
85644
85642
85638
85604
85572
85568
85557
85549
85539
85538
85537
85525
85521
85515
85504
85480
85471
85455
85447
85424
85414
85392
85388
85376
85375
85367
85364
85329
85323
85320
85313
85303
85303
85289
85285
85270
85267
85254
85247
85243
85227
85225
85222
85203
85203
85201
85196
85185
85177
85177
85174
85151
85142
85121
85107
85082
85070
85054
85048
85040
85038
85036
85034
85033
85020
85017
85002
84998
84994
84994
84993
84981
84975
84973
84973
84972
84969
84966
84960
84950
84941
84938
84915
84913
84894
84890
84859
84853
84842
84837
84825
84816
84814
84793
84767
84764
84757
84750
84750
84727
84723
84705
84705
84700
84694
84685
84683
84682
84677
84667
84652
84623
84623
84623
84616
84613
84610
84603
84601
84575
84571
84570
84565
84563
84546
84522
84511
84507
84492
84488
84465
84429
84419
84417
84406
84405
84400
84384
84369
84361
84339
84338
84320
84304
84290
84254
84232
84232
84229
84217
84200
84198
84193
84175
84164
84162
84161
84136
84131
84118
84116
84109
84099
84083
84069
84045
84030
84029
84022
84006
83995
83986
83980
83970
83968
83964
83957
83924
83899
83894
83892
83878
83869
83840
83835
83830
83830
83825
83802
83800
83797
83790
83785
83768
83764
83752
83751
83750
83729
83728
83722
83698
83685
83667
83654
83637
83614
83613
83612
83600
83596
83580
83580
83575
83573
83566
83561
83541
83532
83500
83488
83480
83461
83454
83451
83438
83406
83405
83387
83380
83374
83371
83362
83358
83351
83337
83329
83323
83311
83310
83306
83288
83269
83263
83249
83242
83220
83211
83210
83193
83193
83190
83168
83155
83121
83115
83099
83077
83072
83071
83065
83058
83056
83055
83023
83009
83003
83000
82991
82971
82961
82958
82956
82951
82935
82928
82923
82901
82900
82899
82895
82880
82880
82877
82875
82865
82864
82849
82842
82842
82840
82839
82827
82817
82806
82797
82792
82787
82785
82775
82774
82768
82765
82764
82757
82752
82736
82734
82715
82710
82697
82685
82685
82683
82674
82616
82615
82613
82611
82611
82596
82593
82585
82584
82557
82556
82541
82540
82537
82497
82484
82469
82449
82441
82425
82421
82413
82409
82395
82389
82372
82370
82344
82331
82330
82318
82314
82313
82311
82305
82303
82255
82244
82225
82223
82217
82210
82200
82179
82177
82172
82160
82159
82154
82144
82128
82128
82118
82114
82089
82085
82076
82049
82047
82012
82011
81988
81980
81975
81967
81967
81965
81963
81961
81960
81957
81946
81941
81925
81923
81920
81912
81902
81894
81890
81884
81882
81876
81873
81872
81867
81861
81852
81851
81841
81840
81824
81823
81815
81795
81759
81748
81732
81732
81722
81720
81710
81703
81703
81676
81670
81668
81667
81662
81653
81634
81629
81624
81615
81614
81597
81583
81576
81576
81559
81551
81531
81520
81508
81490
81461
81456
81450
81443
81437
81435
81417
81382
81376
81365
81357
81348
81344
81327
81293
81283
81275
81268
81257
81250
81247
81247
81243
81242
81238
81231
81223
81222
81210
81207
81188
81183
81178
81177
81164
81149
81122
81116
81114
81112
81108
81106
81103
81091
81073
81070
81059
81057
81057
81045
81041
81037
81019
81012
81008
81006
81005
80990
80989
80980
80971
80966
80951
80947
80936
80934
80929
80922
80918
80899
80894
80889
80886
80877
80871
80815
80804
80795
80790
80772
80765
80760
80760
80756
80755
80748
80745
80740
80732
80728
80723
80704
80700
80685
80672
80655
80618
80615
80610
80606
80604
80595
80587
80587
80565
80558
80557
80551
80532
80529
80516
80514
80509
80496
80487
80476
80475
80456
80447
80438
80385
80377
80368
80366
80366
80353
80343
80340
80339
80338
80336
80306
80279
80272
80259
80259
80251
80239
80217
80210
80191
80178
80172
80153
80152
80103
80103
80093
80093
80093
80086
80080
80072
80056
80041
80037
80031
79998
79994
79994
79980
79967
79950
79944
79944
79935
79922
79918
79916
79914
79909
79871
79865
79848
79844
79776
79776
79774
79761
79746
79731
79726
79725
79720
79719
79718
79702
79693
79670
79669
79664
79644
79640
79620
79608
79603
79599
79576
79551
79539
79530
79518
79516
79510
79507
79505
79491
79467
79467
79446
79436
79422
79416
79404
79389
79389
79381
79380
79377
79344
79343
79333
79324
79317
79303
79291
79273
79269
79264
79258
79238
79238
79221
79217
79208
79203
79190
79188
79175
79175
79160
79157
79134
79130
79116
79115
79103
79101
79100
79094
79089
79069
79050
79049
79023
79015
79001
78992
78991
78989
78975
78974
78965
78964
78960
78956
78953
78944
78906
78899
78899
78852
78839
78832
78830
78821
78819
78812
78811
78811
78805
78798
78798
78783
78776
78774
78771
78756
78756
78725
78719
78708
78680
78679
78679
78669
78664
78662
78655
78654
78645
78637
78627
78608
78592
78587
78583
78559
78548
78509
78502
78502
78470
78460
78443
78439
78390
78354
78344
78341
78331
78328
78326
78313
78294
78292
78283
78265
78185
78184
78176
78170
78169
78147
78143
78136
78135
78130
78105
78093
78072
78063
78049
78042
78026
78017
78005
78001
77979
77976
77964
77957
77956
77937
77933
77931
77930
77916
77897
77883
77854
77836
77824
77818
77789
77786
77776
77774
77770
77765
77756
77749
77749
77738
77734
77731
77727
77727
77724
77720
77713
77710
77703
77694
77685
77669
77655
77655
77631
77626
77616
77614
77612
77611
77596
77588
77588
77574
77548
77525
77509
77483
77472
77470
77465
77462
77454
77428
77409
77379
77365
77360
77334
77332
77317
77309
77294
77287
77261
77261
77256
77255
77247
77244
77233
77227
77227
77216
77200
77197
77190
77169
77169
77168
77150
77121
77121
77113
77107
77090
77087
77078
77069
77042
77041
77010
76987
76973
76966
76953
76944
76938
76904
76899
76837
76820
76804
76788
76786
76783
76771
76769
76767
76762
76760
76759
76758
76738
76727
76727
76724
76719
76717
76708
76580
76557
76553
76539
76503
76497
76491
76484
76484
76484
76465
76463
76444
76436
76413
76364
76363
76361
76354
76313
76301
76283
76274
76258
76233
76221
76219
76212
76209
76206
76203
76176
76164
76145
76141
76137
76133
76127
76113
76110
76109
76098
76080
76060
76034
76024
76022
76016
76004
75980
75980
75977
75974
75958
75952
75949
75901
75891
75888
75886
75881
75858
75857
75850
75850
75843
75839
75832
75826
75825
75817
75805
75788
75788
75768
75756
75695
75672
75667
75639
75635
75625
75619
75609
75604
75595
75589
75581
75574
75558
75555
75553
75542
75539
75533
75523
75523
75521
75518
75504
75499
75493
75493
75477
75477
75475
75471
75470
75466
75459
75441
75434
75419
75412
75407
75404
75394
75379
75371
75365
75329
75328
75311
75277
75273
75264
75259
75231
75231
75225
75206
75180
75174
75170
75155
75130
75114
75100
75093
75081
75071
75059
75055
75053
75044
75028
75023
75020
75009
74998
74995
74988
74960
74960
74954
74952
74949
74948
74946
74935
74934
74926
74921
74909
74907
74899
74889
74884
74829
74812
74801
74801
74793
74774
74759
74756
74744
74725
74723
74707
74700
74690
74685
74662
74658
74643
74640
74626
74618
74602
74600
74593
74588
74565
74564
74542
74534
74518
74490
74488
74478
74463
74438
74438
74427
74423
74412
74410
74392
74388
74386
74373
74373
74364
74345
74342
74327
74319
74318
74305
74298
74293
74291
74282
74243
74241
74238
74236
74215
74193
74189
74188
74186
74161
74141
74130
74129
74129
74115
74103
74089
74083
74075
74051
74049
74045
74042
74031
74029
74026
74023
74006
73992
73988
73985
73971
73967
73960
73948
73935
73933
73931
73921
73912
73903
73902
73898
73875
73873
73868
73846
73832
73820
73820
73818
73795
73791
73786
73783
73779
73770
73770
73765
73758
73755
73750
73748
73731
73728
73725
73722
73718
73710
73705
73688
73682
73666
73665
73665
73660
73655
73650
73628
73621
73615
73601
73591
73564
73562
73548
73541
73524
73508
73503
73501
73494
73487
73483
73474
73471
73457
73456
73454
73440
73434
73429
73428
73424
73420
73393
73381
73374
73368
73366
73363
73361
73361
73342
73327
73320
73315
73312
73305
73305
73288
73278
73261
73250
73220
73211
73208
73195
73194
73188
73169
73161
73160
73129
73080
73076
73049
73043
73035
73032
73031
73026
73009
73003
72996
72986
72968
72957
72953
72952
72945
72936
72927
72911
72910
72902
72875
72872
72862
72849
72845
72839
72835
72832
72823
72794
72790
72788
72775
72772
72768
72755
72752
72736
72736
72735
72734
72727
72725
72722
72709
72699
72692
72677
72661
72652
72643
72639
72638
72623
72620
72571
72571
72555
72510
72465
72463
72458
72454
72449
72447
72443
72422
72420
72405
72373
72371
72358
72345
72320
72290
72284
72275
72273
72264
72264
72263
72261
72241
72232
72217
72217
72186
72186
72175
72172
72148
72129
72114
72101
72098
72092
72088
72075
72072
72066
72047
72043
72022
72013
71964
71939
71933
71928
71910
71899
71895
71876
71866
71855
71853
71849
71845
71832
71815
71813
71751
71742
71733
71727
71726
71673
71656
71639
71632
71630
71620
71595
71581
71567
71550
71543
71539
71527
71515
71503
71487
71476
71471
71448
71440
71431
71421
71421
71412
71405
71335
71325
71314
71310
71304
71290
71285
71264
71258
71258
71238
71238
71230
71229
71221
71220
71185
71171
71152
71124
71123
71118
71117
71115
71112
71109
71105
71101
71097
71095
71091
71089
71068
71057
71055
71041
71010
71005
70982
70982
70977
70970
70958
70952
70926
70912
70880
70880
70873
70859
70844
70839
70838
70829
70828
70814
70804
70793
70764
70734
70697
70694
70675
70663
70659
70644
70642
70642
70631
70619
70616
70611
70611
70602
70597
70594
70593
70586
70573
70570
70564
70562
70561
70559
70543
70541
70539
70532
70515
70514
70505
70502
70489
70486
70485
70483
70472
70468
70439
70432
70420
70407
70400
70369
70368
70367
70345
70345
70334
70328
70300
70268
70253
70249
70249
70230
70228
70224
70222
70216
70208
70207
70204
70198
70177
70170
70164
70160
70132
70129
70106
70097
70094
70085
70083
70076
70055
70009
69998
69997
69985
69970
69960
69951
69949
69947
69938
69933
69933
69898
69886
69877
69876
69863
69853
69851
69842
69830
69826
69825
69808
69785
69782
69779
69771
69740
69734
69732
69725
69724
69723
69722
69710
69702
69688
69675
69674
69669
69657
69652
69651
69628
69626
69605
69598
69593
69567
69557
69555
69554
69535
69533
69516
69516
69511
69506
69502
69494
69469
69454
69446
69427
69423
69423
69418
69418
69410
69396
69320
69311
69297
69287
69251
69248
69245
69242
69215
69194
69181
69163
69154
69151
69124
69122
69116
69109
69085
69066
69064
69029
69025
69011
69004
68958
68958
68950
68944
68935
68935
68917
68914
68911
68894
68893
68888
68878
68871
68862
68858
68853
68844
68831
68812
68811
68810
68801
68784
68767
68761
68758
68740
68738
68706
68702
68690
68689
68681
68677
68611
68609
68607
68583
68573
68549
68548
68542
68535
68535
68527
68518
68515
68514
68497
68495
68492
68478
68478
68472
68468
68466
68465
68443
68440
68437
68436
68435
68432
68431
68402
68361
68354
68353
68333
68319
68314
68309
68309
68298
68290
68280
68278
68276
68256
68231
68211
68181
68149
68149
68138
68123
68092
68088
68064
68063
68051
68050
68047
68037
68028
67990
67990
67970
67943
67928
67924
67916
67909
67908
67896
67893
67890
67887
67876
67867
67851
67832
67798
67791
67784
67776
67765
67762
67757
67754
67728
67723
67714
67713
67710
67709
67688
67688
67681
67671
67638
67627
67616
67608
67593
67583
67576
67564
67563
67507
67500
67486
67477
67476
67476
67463
67432
67414
67404
67400
67371
67365
67354
67341
67307
67297
67260
67259
67246
67244
67238
67235
67207
67150
67134
67130
67120
67118
67114
67113
67107
67087
67081
67072
67065
67058
67034
67027
67015
67004
67004
66997
66993
66961
66957
66945
66941
66935
66929
66925
66924
66915
66912
66909
66904
66902
66883
66864
66864
66864
66861
66856
66800
66795
66784
66784
66784
66765
66763
66761
66751
66746
66735
66724
66722
66720
66711
66686
66676
66676
66643
66629
66618
66615
66612
66592
66591
66552
66545
66523
66516
66504
66503
66494
66481
66481
66476
66475
66448
66430
66427
66400
66390
66388
66379
66369
66362
66358
66355
66355
66353
66351
66320
66311
66304
66303
66297
66296
66294
66258
66242
66242
66240
66237
66224
66220
66212
66197
66177
66167
66161
66160
66160
66159
66149
66149
66139
66130
66126
66108
66081
66063
66063
66045
66043
66004
65995
65992
65978
65976
65961
65942
65937
65930
65927
65904
65902
65890
65866
65863
65855
65855
65850
65847
65839
65832
65812
65811
65799
65798
65791
65785
65780
65780
65766
65761
65760
65754
65750
65737
65733
65725
65688
65679
65677
65676
65675
65673
65671
65671
65656
65640
65607
65598
65580
65573
65572
65558
65546
65533
65524
65522
65520
65519
65486
65469
65456
65443
65432
65423
65422
65420
65408
65398
65398
65388
65373
65371
65365
65347
65339
65325
65292
65279
65276
65275
65274
65263
65259
65255
65245
65240
65240
65238
65237
65228
65224
65196
65192
65191
65189
65167
65144
65114
65105
65101
65092
65077
65073
65071
65058
65055
65034
65032
65020
65006
65005
65000
64998
64998
64998
64997
64995
64993
64989
64987
64983
64983
64981
64979
64966
64961
64961
64939
64922
64918
64900
64869
64864
64862
64822
64812
64806
64783
64734
64734
64723
64721
64716
64711
64701
64696
64689
64686
64685
64683
64682
64680
64662
64634
64632
64626
64619
64603
64568
64547
64538
64531
64507
64496
64493
64476
64476
64468
64451
64434
64433
64430
64421
64399
64376
64368
64363
64359
64353
64349
64320
64320
64316
64314
64313
64299
64289
64284
64269
64269
64263
64257
64243
64230
64220
64219
64218
64205
64189
64182
64176
64167
64166
64157
64135
64122
64120
64113
64097
64096
64090
64071
64044
63990
63974
63957
63917
63914
63906
63900
63899
63885
63871
63867
63860
63856
63854
63843
63832
63830
63824
63813
63807
63806
63786
63783
63766
63765
63744
63742
63722
63715
63687
63685
63682
63681
63680
63667
63665
63653
63653
63652
63628
63625
63612
63594
63589
63554
63550
63535
63525
63522
63510
63505
63497
63496
63487
63483
63482
63482
63478
63476
63467
63463
63452
63450
63449
63449
63438
63436
63429
63428
63419
63412
63399
63391
63390
63382
63375
63369
63363
63342
63336
63314
63310
63299
63289
63274
63266
63229
63225
63200
63194
63193
63189
63187
63158
63148
63138
63134
63134
63114
63113
63093
63087
63074
63070
63070
63062
63057
63047
63038
63038
63029
63022
63018
63016
63012
63001
62996
62976
62969
62916
62899
62896
62888
62875
62866
62857
62802
62801
62743
62742
62736
62715
62708
62696
62684
62658
62658
62657
62655
62644
62634
62629
62619
62609
62606
62605
62603
62602
62600
62575
62574
62571
62570
62561
62549
62549
62539
62535
62510
62510
62510
62505
62501
62499
62482
62473
62453
62449
62448
62431
62428
62397
62393
62390
62388
62384
62376
62371
62355
62343
62329
62322
62317
62304
62299
62275
62271
62251
62236
62227
62224
62181
62167
62162
62138
62134
62097
62086
62062
62052
62052
62045
62033
62027
62023
62011
61978
61974
61962
61949
61936
61933
61928
61908
61906
61888
61887
61877
61859
61858
61818
61801
61776
61775
61748
61745
61741
61741
61735
61732
61722
61698
61680
61679
61678
61672
61650
61643
61639
61625
61612
61610
61610
61608
61603
61555
61542
61534
61534
61496
61492
61485
61477
61476
61475
61468
61461
61433
61418
61406
61405
61403
61393
61393
61370
61356
61344
61343
61319
61311
61279
61259
61232
61202
61200
61193
61189
61176
61163
61159
61152
61143
61141
61133
61119
61096
61090
61081
61072
61068
61060
61045
61044
61035
61023
61020
61015
61009
61006
60968
60960
60941
60937
60935
60901
60875
60855
60844
60842
60841
60832
60827
60827
60802
60802
60783
60774
60766
60755
60747
60733
60728
60725
60711
60706
60704
60701
60689
60682
60674
60673
60661
60658
60649
60647
60640
60626
60615
60612
60605
60550
60543
60541
60519
60495
60492
60489
60486
60484
60481
60479
60477
60461
60451
60436
60410
60410
60404
60403
60384
60375
60361
60351
60346
60331
60307
60298
60275
60250
60244
60227
60224
60215
60198
60197
60189
60186
60177
60164
60163
60109
60106
60098
60093
60093
60047
60045
60037
60018
60011
59998
59993
59977
59951
59947
59938
59907
59906
59906
59904
59882
59871
59817
59810
59801
59800
59774
59762
59759
59759
59750
59741
59738
59735
59701
59692
59692
59691
59690
59680
59662
59610
59604
59602
59596
59527
59517
59514
59510
59507
59478
59478
59441
59436
59433
59421
59386
59382
59379
59375
59374
59368
59363
59363
59355
59352
59344
59343
59341
59333
59311
59290
59264
59260
59249
59247
59231
59225
59215
59205
59146
59131
59126
59094
59091
59083
59081
59075
59058
59048
59028
59013
59002
58992
58963
58961
58958
58957
58955
58954
58949
58949
58934
58929
58917
58884
58879
58878
58869
58843
58839
58837
58832
58828
58826
58824
58817
58808
58806
58797
58773
58762
58754
58723
58720
58715
58695
58693
58693
58686
58681
58675
58671
58670
58669
58653
58648
58638
58632
58614
58612
58602
58597
58587
58582
58579
58579
58577
58562
58535
58533
58519
58500
58477
58460
58445
58434
58425
58409
58405
58401
58367
58347
58342
58329
58317
58317
58313
58307
58305
58301
58295
58284
58263
58262
58249
58247
58246
58246
58243
58229
58214
58206
58192
58185
58176
58161
58159
58157
58149
58127
58120
58116
58113
58103
58102
58098
58094
58093
58063
58054
58052
58039
58034
58026
58018
58018
58002
57999
57986
57965
57948
57948
57947
57947
57932
57931
57921
57918
57912
57904
57885
57878
57870
57859
57849
57826
57826
57819
57803
57802
57799
57799
57794
57782
57773
57765
57746
57743
57729
57688
57681
57661
57659
57638
57622
57618
57614
57594
57579
57561
57559
57555
57546
57540
57527
57516
57499
57487
57486
57482
57466
57464
57454
57443
57443
57438
57433
57416
57411
57409
57407
57388
57387
57362
57326
57308
57296
57264
57260
57250
57246
57246
57242
57241
57235
57235
57233
57216
57212
57196
57171
57158
57149
57146
57134
57132
57131
57130
57129
57112
57099
57085
57077
57064
57052
57052
57029
57009
57007
56989
56984
56967
56961
56931
56929
56928
56923
56920
56914
56909
56904
56897
56879
56858
56850
56822
56817
56810
56789
56773
56761
56759
56754
56747
56745
56744
56739
56729
56728
56724
56692
56690
56685
56678
56675
56673
56673
56636
56607
56604
56590
56548
56539
56536
56510
56484
56475
56471
56462
56458
56442
56439
56426
56421
56421
56420
56408
56407
56406
56405
56395
56392
56391
56388
56379
56356
56353
56317
56309
56300
56296
56281
56274
56250
56249
56205
56187
56178
56177
56167
56160
56140
56140
56139
56139
56124
56121
56106
56097
56092
56083
56078
56063
56058
55991
55978
55968
55967
55964
55957
55944
55936
55934
55924
55917
55915
55896
55878
55849
55811
55792
55791
55788
55759
55754
55736
55728
55721
55721
55707
55706
55692
55682
55674
55672
55645
55618
55614
55601
55589
55587
55562
55547
55543
55516
55510
55510
55498
55494
55491
55473
55459
55453
55448
55443
55442
55432
55431
55398
55395
55395
55380
55380
55378
55372
55353
55353
55351
55316
55313
55311
55302
55290
55278
55266
55254
55247
55241
55240
55234
55226
55210
55205
55199
55187
55182
55170
55168
55154
55140
55131
55127
55124
55112
55110
55105
55097
55092
55086
55084
55080
55078
55057
55043
55039
55038
55025
55012
54985
54983
54961
54937
54929
54902
54901
54886
54886
54869
54864
54863
54822
54821
54821
54816
54814
54803
54800
54798
54788
54778
54778
54767
54739
54689
54647
54643
54635
54630
54628
54621
54604
54599
54597
54596
54577
54572
54568
54553
54535
54531
54523
54523
54511
54490
54486
54474
54464
54456
54445
54440
54432
54425
54420
54408
54397
54391
54365
54361
54353
54337
54325
54317
54314
54313
54288
54277
54273
54268
54257
54252
54245
54241
54188
54184
54172
54167
54159
54158
54140
54119
54116
54088
54087
54076
54062
54039
54031
54028
54010
53994
53989
53985
53979
53964
53955
53949
53949
53940
53932
53927
53926
53920
53913
53904
53903
53901
53901
53897
53893
53874
53844
53824
53818
53816
53814
53763
53760
53758
53740
53738
53725
53711
53686
53657
53656
53652
53651
53622
53622
53617
53615
53608
53602
53586
53573
53572
53572
53554
53553
53553
53547
53544
53521
53493
53489
53485
53484
53478
53462
53461
53447
53443
53442
53440
53413
53407
53394
53383
53381
53372
53370
53366
53364
53357
53341
53322
53321
53308
53303
53302
53266
53248
53232
53207
53202
53194
53168
53167
53165
53156
53152
53148
53103
53082
53053
53041
53040
53027
53020
53007
52997
52990
52988
52981
52973
52970
52966
52960
52945
52929
52928
52924
52899
52863
52861
52858
52857
52839
52824
52814
52811
52804
52795
52784
52781
52779
52779
52764
52746
52738
52735
52720
52719
52707
52700
52690
52673
52664
52646
52640
52639
52631
52631
52621
52610
52589
52589
52588
52567
52556
52555
52543
52534
52523
52521
52513
52510
52506
52505
52488
52486
52466
52458
52452
52450
52440
52438
52438
52425
52423
52419
52410
52375
52367
52356
52341
52338
52334
52331
52315
52314
52277
52272
52259
52247
52231
52225
52221
52213
52181
52161
52156
52139
52127
52109
52100
52082
52077
52064
52050
52044
52029
52018
52012
52007
52003
51997
51987
51986
51969
51956
51922
51914
51904
51899
51896
51862
51853
51851
51835
51829
51811
51805
51802
51796
51794
51788
51784
51776
51770
51756
51755
51711
51710
51704
51703
51693
51673
51651
51647
51645
51625
51623
51590
51587
51584
51583
51574
51570
51552
51551
51528
51524
51523
51507
51502
51501
51494
51468
51466
51452
51444
51424
51420
51411
51409
51381
51378
51370
51354
51342
51331
51331
51317
51317
51316
51291
51287
51252
51251
51251
51246
51237
51227
51223
51186
51179
51177
51170
51152
51146
51137
51135
51134
51131
51130
51109
51101
51095
51090
51087
51081
51081
51035
50999
50970
50966
50955
50949
50947
50939
50925
50925
50924
50912
50875
50865
50856
50853
50836
50836
50831
50829
50819
50807
50798
50774
50755
50747
50726
50724
50719
50703
50682
50667
50665
50664
50649
50642
50642
50641
50639
50627
50620
50609
50607
50583
50565
50555
50543
50539
50536
50535
50528
50527
50522
50518
50507
50502
50495
50468
50462
50447
50424
50417
50416
50404
50404
50394
50387
50370
50366
50358
50356
50353
50340
50314
50299
50274
50262
50259
50257
50249
50222
50217
50217
50195
50186
50180
50167
50163
50149
50139
50126
50122
50114
50110
50104
50104
50103
50102
50064
50060
50049
50048
50045
50041
50026
50022
50019
49989
49974
49970
49967
49964
49934
49914
49867
49860
49846
49828
49827
49826
49822
49817
49802
49797
49796
49793
49778
49764
49761
49755
49741
49721
49721
49721
49708
49672
49670
49669
49668
49659
49651
49651
49649
49638
49605
49583
49578
49558
49556
49552
49550
49547
49545
49543
49542
49521
49493
49493
49473
49472
49458
49448
49438
49429
49422
49416
49403
49378
49373
49350
49343
49326
49312
49297
49285
49275
49267
49258
49239
49236
49227
49222
49213
49188
49187
49176
49169
49142
49116
49115
49113
49099
49090
49084
49076
49065
49059
49032
49028
49017
49003
48994
48986
48983
48979
48973
48923
48899
48862
48850
48850
48848
48844
48841
48840
48823
48821
48811
48788
48775
48767
48766
48765
48763
48727
48715
48708
48695
48692
48690
48683
48675
48671
48645
48625
48620
48611
48601
48577
48565
48558
48552
48549
48545
48540
48533
48528
48520
48511
48509
48507
48492
48486
48478
48441
48427
48425
48421
48414
48399
48392
48381
48380
48359
48348
48346
48332
48327
48323
48302
48302
48289
48280
48272
48264
48254
48248
48210
48171
48170
48170
48152
48147
48143
48136
48123
48098
48095
48090
48089
48086
48083
48078
48077
48011
48008
48007
48006
48000
48000
47998
47996
47994
47975
47974
47964
47963
47961
47948
47945
47930
47925
47924
47913
47906
47903
47900
47893
47891
47872
47857
47856
47855
47812
47810
47797
47796
47759
47757
47746
47723
47714
47712
47700
47694
47680
47670
47668
47661
47648
47645
47637
47622
47620
47616
47597
47593
47592
47567
47523
47511
47503
47498
47488
47486
47481
47472
47468
47464
47460
47450
47449
47448
47446
47427
47407
47400
47388
47386
47378
47377
47330
47330
47297
47291
47284
47276
47275
47242
47234
47225
47207
47202
47192
47140
47126
47123
47110
47087
47077
47055
47052
47050
47043
47040
47034
47034
46992
46992
46981
46981
46977
46971
46940
46937
46936
46906
46890
46887
46878
46876
46856
46844
46810
46809
46805
46794
46789
46775
46772
46769
46758
46746
46730
46720
46718
46704
46693
46688
46684
46676
46664
46662
46658
46655
46616
46614
46611
46609
46608
46587
46576
46574
46562
46545
46541
46519
46514
46507
46505
46489
46480
46479
46411
46409
46389
46386
46383
46382
46376
46374
46362
46361
46340
46331
46326
46322
46316
46312
46297
46290
46284
46282
46280
46255
46246
46231
46229
46223
46222
46219
46215
46199
46197
46194
46185
46180
46180
46178
46163
46156
46153
46120
46116
46092
46079
46073
46050
46041
46031
46026
46022
46016
46006
46002
45988
45982
45972
45951
45936
45921
45914
45912
45907
45885
45878
45878
45878
45856
45852
45840
45840
45821
45810
45806
45783
45779
45763
45762
45756
45742
45741
45738
45732
45728
45709
45685
45679
45665
45659
45649
45631
45623
45621
45617
45614
45597
45596
45584
45496
45495
45491
45489
45480
45465
45450
45427
45411
45390
45389
45385
45381
45366
45356
45355
45342
45323
45309
45304
45273
45268
45264
45259
45244
45242
45235
45227
45196
45188
45177
45176
45175
45171
45169
45160
45157
45132
45124
45120
45093
45090
45087
45083
45076
45075
45074
45069
45052
45032
44986
44975
44974
44967
44954
44945
44942
44937
44929
44913
44904
44887
44883
44882
44869
44834
44828
44828
44824
44811
44806
44791
44757
44746
44738
44701
44669
44656
44654
44648
44642
44641
44636
44636
44635
44626
44624
44599
44580
44569
44565
44554
44541
44533
44516
44506
44503
44496
44473
44472
44439
44438
44419
44407
44405
44403
44398
44380
44378
44378
44372
44367
44361
44330
44319
44308
44306
44293
44250
44249
44242
44242
44240
44227
44224
44219
44208
44197
44186
44180
44178
44174
44159
44144
44136
44123
44099
44095
44084
44069
44067
44063
44060
44058
44054
44049
44049
44039
44019
44018
44014
44013
44008
44003
43997
43982
43968
43962
43910
43908
43907
43902
43891
43883
43874
43872
43802
43766
43766
43748
43746
43733
43717
43712
43711
43710
43692
43682
43682
43680
43678
43676
43669
43651
43646
43640
43640
43638
43622
43620
43612
43589
43580
43578
43569
43530
43525
43523
43518
43493
43485
43483
43468
43465
43464
43462
43454
43450
43420
43397
43389
43362
43358
43344
43340
43340
43320
43304
43293
43265
43262
43248
43236
43235
43234
43232
43230
43206
43185
43154
43148
43120
43105
43093
43089
43075
43074
43023
43005
42955
42951
42925
42924
42919
42909
42899
42891
42888
42868
42841
42801
42796
42779
42767
42765
42762
42754
42746
42732
42719
42714
42705
42697
42696
42690
42674
42671
42667
42654
42631
42630
42613
42589
42585
42556
42555
42528
42525
42514
42495
42485
42469
42466
42455
42448
42443
42441
42428
42404
42403
42403
42394
42385
42384
42376
42368
42344
42343
42321
42314
42269
42255
42231
42207
42205
42197
42196
42192
42173
42165
42156
42156
42148
42142
42142
42136
42130
42111
42110
42092
42080
42077
42069
42061
42057
42054
42045
42043
42011
42007
42004
42002
41994
41987
41976
41970
41968
41961
41942
41929
41901
41882
41867
41851
41848
41846
41818
41815
41804
41796
41779
41776
41765
41758
41735
41734
41730
41728
41688
41686
41678
41670
41651
41640
41637
41625
41613
41590
41586
41581
41563
41558
41555
41549
41546
41544
41543
41541
41541
41515
41509
41509
41508
41505
41505
41497
41495
41495
41479
41456
41440
41437
41430
41422
41421
41420
41406
41406
41400
41388
41388
41384
41381
41362
41340
41319
41306
41301
41299
41298
41294
41276
41276
41271
41268
41263
41248
41236
41236
41228
41227
41220
41217
41215
41214
41191
41190
41187
41171
41137
41115
41094
41058
41048
41046
41035
41035
41021
41018
41010
40996
40970
40963
40951
40940
40937
40907
40899
40886
40861
40853
40853
40852
40822
40809
40802
40801
40795
40793
40790
40785
40751
40731
40727
40709
40701
40692
40685
40679
40666
40663
40660
40647
40645
40629
40588
40584
40577
40576
40566
40562
40562
40562
40556
40527
40523
40492
40483
40457
40457
40448
40440
40413
40406
40388
40385
40367
40366
40319
40310
40309
40299
40293
40269
40263
40260
40253
40251
40207
40197
40190
40187
40184
40176
40173
40166
40165
40165
40149
40144
40118
40102
40090
40084
40073
40054
40027
40025
40018
40007
39996
39994
39988
39981
39977
39969
39944
39926
39925
39921
39916
39910
39894
39889
39877
39854
39853
39848
39848
39846
39846
39846
39845
39841
39825
39824
39823
39813
39802
39800
39796
39789
39756
39750
39736
39721
39707
39700
39698
39692
39679
39637
39629
39629
39615
39601
39599
39595
39583
39577
39573
39560
39540
39533
39523
39521
39496
39494
39483
39476
39458
39453
39427
39421
39407
39393
39386
39376
39367
39352
39307
39306
39277
39230
39203
39194
39178
39161
39144
39112
39103
39078
39071
39055
39052
39049
39042
39041
39026
39020
39017
39012
39005
38986
38956
38955
38929
38925
38915
38903
38900
38898
38891
38874
38871
38871
38869
38851
38848
38814
38811
38805
38802
38801
38767
38766
38754
38751
38706
38693
38681
38654
38650
38637
38635
38605
38598
38586
38546
38534
38529
38522
38508
38505
38500
38479
38473
38467
38465
38450
38448
38432
38394
38372
38369
38349
38341
38330
38330
38325
38319
38302
38271
38267
38260
38247
38243
38231
38225
38216
38208
38198
38184
38173
38168
38162
38137
38121
38095
38093
38091
38091
38091
38074
38070
38050
38042
38038
38033
38012
38005
37996
37986
37984
37975
37974
37961
37946
37925
37922
37904
37901
37899
37897
37878
37875
37873
37856
37819
37815
37787
37782
37782
37778
37750
37733
37726
37713
37712
37682
37662
37644
37618
37614
37603
37589
37585
37585
37570
37562
37536
37532
37509
37498
37485
37475
37461
37459
37455
37448
37447
37447
37440
37438
37432
37429
37426
37404
37398
37387
37373
37366
37366
37357
37345
37344
37341
37317
37314
37301
37293
37286
37279
37271
37269
37267
37258
37247
37246
37235
37228
37218
37214
37212
37201
37186
37186
37167
37159
37126
37125
37124
37079
37069
37017
37007
37006
37004
36998
36975
36974
36954
36928
36912
36890
36880
36878
36875
36873
36870
36862
36858
36857
36847
36844
36836
36835
36826
36822
36816
36806
36801
36772
36767
36764
36760
36745
36740
36717
36716
36705
36695
36695
36686
36677
36670
36636
36623
36622
36620
36613
36611
36607
36602
36590
36580
36572
36560
36536
36522
36478
36476
36454
36452
36451
36445
36440
36411
36402
36388
36377
36372
36361
36355
36349
36334
36326
36315
36297
36288
36269
36254
36251
36250
36232
36184
36164
36159
36158
36155
36154
36117
36104
36096
36095
36086
36085
36080
36066
36038
36028
36026
36025
36006
35992
35980
35977
35976
35973
35960
35947
35947
35935
35925
35924
35916
35916
35906
35877
35875
35864
35861
35836
35819
35798
35787
35756
35755
35752
35741
35738
35730
35702
35679
35679
35676
35674
35660
35632
35630
35628
35626
35626
35619
35604
35596
35587
35576
35563
35556
35549
35533
35532
35532
35531
35528
35527
35502
35483
35481
35472
35471
35471
35459
35453
35438
35422
35415
35398
35391
35386
35382
35378
35364
35359
35331
35329
35326
35325
35298
35287
35284
35283
35270
35267
35259
35257
35250
35239
35236
35235
35228
35220
35212
35207
35206
35204
35196
35196
35195
35194
35193
35193
35175
35154
35152
35113
35108
35104
35097
35091
35078
35064
35050
35049
35037
35030
35025
35000
34989
34984
34966
34958
34946
34929
34923
34906
34902
34860
34859
34859
34847
34845
34830
34828
34818
34800
34785
34781
34764
34762
34738
34738
34734
34714
34706
34704
34703
34703
34701
34686
34674
34662
34660
34654
34640
34639
34632
34629
34623
34622
34620
34616
34609
34599
34597
34578
34571
34568
34565
34559
34551
34538
34531
34524
34510
34501
34492
34456
34447
34383
34357
34342
34330
34328
34326
34323
34306
34304
34295
34290
34284
34265
34251
34248
34246
34227
34222
34221
34218
34207
34205
34191
34182
34175
34171
34166
34165
34163
34159
34157
34157
34156
34155
34152
34142
34141
34126
34106
34088
34075
34008
34000
33985
33967
33960
33960
33922
33908
33905
33897
33895
33889
33884
33877
33874
33867
33853
33839
33838
33830
33825
33808
33791
33790
33784
33776
33753
33752
33736
33736
33722
33719
33718
33708
33705
33698
33688
33684
33681
33674
33673
33672
33672
33666
33661
33649
33647
33619
33589
33576
33573
33571
33567
33559
33558
33555
33546
33522
33516
33516
33513
33512
33508
33507
33502
33501
33497
33495
33480
33470
33435
33413
33411
33373
33367
33351
33343
33341
33324
33312
33281
33280
33275
33264
33250
33228
33226
33205
33198
33181
33179
33162
33161
33159
33146
33144
33137
33137
33131
33124
33124
33116
33110
33107
33107
33089
33059
33058
33053
33034
33034
33003
32989
32988
32983
32982
32972
32967
32948
32947
32943
32940
32935
32930
32920
32901
32884
32869
32866
32856
32843
32797
32794
32790
32782
32779
32778
32775
32774
32751
32745
32743
32736
32710
32707
32707
32697
32694
32693
32685
32681
32677
32676
32669
32654
32650
32645
32643
32641
32621
32608
32592
32591
32579
32566
32565
32547
32535
32533
32518
32517
32512
32507
32507
32495
32487
32483
32459
32458
32452
32447
32438
32428
32414
32413
32406
32400
32400
32392
32382
32373
32359
32352
32348
32336
32331
32300
32289
32287
32277
32253
32231
32229
32218
32200
32185
32176
32165
32154
32128
32113
32107
32095
32094
32090
32084
32055
32043
32042
32029
32013
32002
32000
31991
31967
31952
31924
31917
31912
31900
31877
31864
31856
31855
31847
31832
31822
31819
31809
31801
31784
31781
31778
31756
31747
31737
31726
31722
31720
31713
31706
31689
31688
31683
31672
31665
31652
31650
31634
31623
31619
31617
31612
31598
31580
31575
31565
31544
31534
31532
31529
31495
31490
31485
31484
31483
31480
31462
31433
31428
31414
31414
31408
31407
31389
31382
31363
31357
31352
31342
31330
31330
31329
31326
31308
31306
31306
31300
31293
31286
31282
31272
31267
31263
31246
31243
31223
31222
31205
31201
31191
31186
31185
31180
31177
31171
31171
31164
31164
31157
31138
31121
31117
31086
31073
31072
31064
31059
31045
31036
31034
31026
31022
31018
31016
31008
31001
31000
30994
30977
30976
30960
30957
30954
30951
30945
30935
30922
30910
30910
30888
30885
30881
30869
30868
30856
30831
30826
30825
30810
30802
30799
30784
30771
30757
30746
30745
30730
30724
30721
30698
30686
30680
30675
30667
30655
30646
30639
30633
30623
30619
30615
30606
30600
30588
30578
30564
30560
30543
30529
30495
30494
30482
30469
30467
30466
30451
30438
30433
30428
30428
30421
30402
30401
30393
30390
30375
30355
30349
30348
30344
30341
30317
30316
30316
30307
30304
30286
30263
30256
30255
30249
30241
30232
30199
30181
30180
30178
30174
30173
30165
30148
30143
30135
30125
30124
30124
30120
30119
30115
30105
30100
30100
30098
30097
30092
30064
30064
30055
30052
30015
30004
30003
29980
29970
29969
29965
29957
29954
29950
29941
29908
29901
29895
29870
29854
29853
29836
29830
29819
29816
29794
29789
29738
29735
29735
29726
29718
29707
29684
29673
29670
29667
29645
29586
29583
29583
29577
29565
29563
29557
29552
29491
29484
29463
29458
29415
29410
29409
29390
29384
29363
29356
29356
29351
29338
29333
29330
29314
29278
29276
29274
29271
29268
29258
29254
29234
29221
29214
29210
29180
29168
29151
29142
29142
29135
29125
29080
29079
29072
29059
29051
29049
29032
29032
29004
29002
28985
28982
28978
28976
28971
28949
28937
28909
28908
28891
28884
28883
28873
28870
28862
28848
28846
28827
28823
28817
28795
28784
28780
28772
28759
28740
28740
28734
28723
28723
28696
28691
28677
28670
28639
28629
28626
28618
28614
28602
28600
28599
28589
28532
28525
28524
28504
28502
28502
28463
28458
28454
28442
28430
28423
28423
28423
28374
28365
28352
28352
28340
28326
28319
28297
28287
28272
28262
28229
28225
28225
28221
28195
28192
28179
28172
28163
28152
28151
28146
28103
28067
28057
28041
28023
28020
27998
27981
27979
27978
27960
27955
27954
27951
27918
27917
27913
27894
27886
27883
27876
27864
27858
27852
27836
27827
27798
27781
27773
27737
27728
27708
27707
27707
27699
27689
27685
27677
27646
27623
27620
27576
27570
27549
27544
27510
27506
27494
27484
27473
27471
27467
27442
27425
27419
27407
27397
27397
27396
27394
27394
27388
27370
27363
27342
27335
27331
27324
27306
27305
27291
27285
27280
27271
27262
27258
27256
27248
27231
27221
27220
27202
27190
27183
27183
27160
27140
27129
27115
27112
27102
27074
27068
27055
27021
27020
27019
27016
27007
26998
26991
26990
26977
26973
26966
26954
26932
26927
26925
26913
26913
26890
26883
26877
26863
26861
26858
26851
26827
26820
26810
26765
26747
26742
26742
26740
26732
26730
26722
26716
26690
26624
26624
26620
26594
26592
26584
26579
26578
26578
26564
26563
26539
26520
26517
26500
26472
26469
26459
26437
26418
26413
26412
26412
26405
26395
26388
26352
26347
26327
26288
26279
26270
26262
26246
26241
26237
26232
26215
26199
26195
26194
26193
26193
26192
26181
26179
26168
26160
26154
26131
26120
26109
26090
26089
26077
26077
26068
26063
26031
26027
26015
26008
26005
25990
25971
25944
25931
25929
25925
25924
25915
25893
25892
25885
25852
25849
25839
25831
25824
25821
25820
25814
25809
25806
25804
25800
25795
25791
25749
25729
25721
25696
25685
25681
25680
25675
25667
25659
25652
25643
25641
25630
25611
25602
25602
25594
25584
25571
25567
25563
25562
25561
25557
25556
25555
25548
25548
25546
25534
25528
25527
25519
25501
25492
25488
25482
25480
25477
25477
25461
25459
25453
25406
25400
25385
25383
25381
25368
25361
25317
25299
25287
25284
25280
25270
25267
25265
25255
25252
25223
25201
25199
25161
25157
25134
25130
25123
25117
25093
25076
25044
25030
25013
24999
24979
24974
24969
24962
24956
24929
24923
24916
24911
24892
24892
24889
24867
24859
24850
24850
24836
24809
24804
24798
24793
24786
24775
24772
24754
24752
24729
24728
24723
24721
24707
24692
24674
24667
24630
24616
24597
24593
24564
24555
24539
24535
24535
24533
24526
24501
24470
24469
24460
24453
24449
24418
24409
24408
24400
24362
24360
24348
24345
24343
24310
24306
24298
24254
24252
24234
24220
24189
24164
24164
24156
24150
24147
24135
24120
24119
24119
24111
24109
24107
24101
24099
24085
24084
24078
24065
24055
24018
24012
23997
23988
23985
23984
23981
23976
23965
23953
23952
23932
23915
23909
23882
23876
23874
23874
23872
23858
23841
23839
23823
23805
23801
23779
23774
23753
23749
23739
23736
23723
23720
23712
23705
23702
23694
23684
23678
23675
23668
23656
23598
23596
23596
23582
23580
23580
23576
23569
23568
23564
23557
23547
23526
23508
23500
23489
23472
23472
23462
23460
23459
23456
23447
23444
23442
23433
23421
23373
23370
23362
23351
23344
23338
23331
23316
23308
23246
23240
23240
23234
23227
23218
23196
23192
23184
23183
23171
23163
23159
23159
23157
23155
23138
23129
23110
23097
23089
23085
23083
23083
23078
23076
23073
23072
23040
23016
23013
22987
22985
22963
22959
22948
22938
22929
22925
22923
22922
22919
22909
22887
22884
22879
22878
22876
22876
22868
22865
22853
22843
22824
22781
22768
22767
22758
22747
22736
22716
22709
22703
22669
22654
22644
22643
22633
22604
22600
22592
22588
22574
22571
22568
22548
22538
22529
22525
22519
22489
22484
22463
22463
22435
22420
22400
22400
22392
22377
22372
22359
22348
22341
22341
22337
22329
22327
22320
22297
22295
22288
22286
22285
22272
22271
22256
22244
22235
22234
22233
22228
22216
22168
22153
22141
22140
22115
22074
22069
22068
22062
22062
22060
22057
22045
22044
22031
22030
21992
21986
21983
21982
21972
21955
21951
21915
21889
21840
21833
21816
21815
21810
21777
21764
21758
21756
21741
21733
21732
21725
21707
21683
21675
21651
21651
21650
21642
21632
21626
21624
21620
21618
21617
21610
21595
21593
21582
21581
21565
21562
21547
21530
21528
21521
21520
21507
21482
21470
21458
21439
21431
21429
21420
21390
21385
21376
21359
21357
21346
21343
21338
21336
21326
21308
21305
21288
21269
21263
21262
21239
21236
21231
21215
21210
21207
21201
21194
21190
21188
21185
21136
21115
21109
21109
21101
21088
21083
21050
21036
21032
21029
21025
21016
21016
21011
21006
21006
21004
20992
20988
20969
20968
20965
20964
20955
20954
20948
20946
20930
20924
20914
20909
20887
20886
20885
20871
20850
20835
20830
20820
20802
20798
20792
20775
20769
20752
20737
20735
20694
20680
20672
20646
20642
20603
20601
20597
20594
20576
20569
20554
20534
20533
20525
20510
20488
20459
20454
20447
20440
20436
20419
20419
20403
20380
20378
20371
20365
20363
20358
20354
20353
20352
20341
20339
20334
20334
20330
20299
20291
20281
20280
20273
20270
20265
20260
20247
20240
20234
20233
20227
20225
20204
20171
20136
20108
20106
20094
20092
20087
20083
20063
20057
20057
20048
20035
20024
20024
20024
20022
20017
19992
19988
19982
19980
19980
19935
19933
19933
19933
19918
19917
19916
19888
19881
19876
19873
19870
19870
19857
19845
19836
19834
19830
19823
19818
19807
19781
19773
19772
19770
19769
19760
19749
19730
19716
19706
19699
19696
19693
19692
19682
19660
19618
19610
19596
19594
19586
19560
19556
19542
19522
19515
19513
19492
19491
19472
19459
19449
19447
19428
19424
19421
19398
19394
19374
19355
19349
19338
19336
19332
19330
19324
19319
19289
19276
19270
19231
19220
19188
19170
19139
19136
19128
19099
19097
19080
19079
19072
19063
19046
19028
18986
18982
18967
18967
18964
18954
18949
18943
18922
18920
18918
18916
18914
18878
18872
18866
18858
18847
18846
18839
18834
18828
18824
18813
18806
18801
18799
18793
18790
18783
18774
18770
18768
18743
18740
18717
18707
18694
18688
18674
18668
18659
18647
18643
18643
18635
18618
18611
18603
18559
18557
18555
18544
18534
18528
18521
18520
18510
18506
18496
18468
18447
18442
18432
18426
18407
18389
18372
18351
18324
18320
18312
18293
18284
18248
18239
18211
18207
18205
18200
18194
18190
18127
18116
18114
18112
18088
18088
18082
18078
18073
18065
18065
18053
18051
18050
18003
17999
17997
17988
17970
17970
17962
17958
17920
17913
17905
17882
17879
17857
17837
17816
17812
17803
17777
17774
17771
17769
17763
17757
17756
17749
17743
17740
17738
17733
17724
17717
17699
17684
17652
17629
17625
17596
17563
17552
17550
17548
17528
17468
17453
17452
17447
17442
17428
17425
17414
17390
17385
17383
17373
17369
17346
17342
17323
17321
17315
17304
17292
17290
17287
17275
17248
17236
17230
17209
17206
17206
17197
17183
17174
17168
17149
17128
17118
17117
17116
17116
17114
17101
17089
17084
17066
17064
17063
17058
17052
17027
17026
17017
17016
17002
16999
16994
16986
16978
16968
16949
16919
16916
16911
16892
16889
16887
16885
16850
16835
16828
16826
16796
16776
16753
16743
16735
16731
16714
16708
16699
16692
16687
16685
16681
16663
16662
16658
16635
16621
16619
16598
16585
16584
16580
16577
16557
16556
16554
16541
16531
16518
16508
16495
16479
16463
16436
16436
16432
16417
16408
16400
16395
16378
16372
16359
16327
16304
16301
16300
16295
16281
16276
16271
16271
16261
16244
16235
16224
16213
16210
16206
16200
16178
16149
16127
16123
16112
16108
16107
16104
16103
16102
16101
16098
16085
16078
16078
16074
16068
16047
16035
16035
16030
16017
16014
16008
15995
15989
15980
15979
15979
15977
15953
15929
15922
15922
15919
15911
15909
15899
15897
15895
15886
15882
15868
15862
15860
15853
15844
15821
15820
15772
15767
15765
15765
15764
15749
15742
15737
15732
15723
15715
15709
15709
15704
15693
15684
15670
15662
15660
15653
15652
15639
15626
15624
15621
15619
15598
15574
15570
15553
15547
15530
15528
15526
15500
15469
15457
15457
15443
15436
15433
15412
15396
15388
15364
15361
15353
15346
15338
15317
15310
15298
15286
15285
15260
15243
15242
15236
15236
15226
15219
15215
15209
15206
15191
15168
15162
15139
15134
15124
15088
15064
15052
15052
15034
15016
15010
15005
15004
14999
14990
14980
14972
14969
14968
14957
14940
14938
14936
14918
14913
14905
14882
14881
14875
14859
14853
14851
14850
14848
14838
14837
14828
14783
14779
14777
14771
14734
14732
14730
14726
14723
14706
14704
14675
14655
14640
14604
14598
14593
14574
14572
14560
14546
14535
14523
14522
14492
14488
14478
14461
14461
14455
14447
14441
14429
14420
14409
14399
14394
14390
14379
14375
14347
14328
14323
14323
14315
14309
14283
14279
14257
14254
14253
14244
14243
14242
14242
14239
14216
14181
14172
14166
14156
14149
14148
14129
14123
14117
14097
14077
14068
14056
14045
14042
14040
14022
14020
14020
13999
13993
13943
13940
13934
13925
13925
13923
13923
13922
13914
13909
13908
13898
13891
13863
13859
13856
13853
13848
13840
13835
13833
13820
13808
13795
13776
13760
13756
13755
13742
13736
13728
13724
13721
13721
13681
13677
13641
13640
13636
13622
13612
13593
13574
13553
13552
13549
13548
13543
13540
13531
13517
13517
13515
13502
13494
13481
13453
13450
13447
13447
13443
13439
13433
13420
13393
13393
13387
13373
13354
13351
13319
13316
13282
13281
13257
13253
13224
13221
13215
13214
13209
13188
13187
13176
13171
13169
13166
13154
13153
13144
13139
13137
13137
13136
13124
13103
13103
13086
13075
13073
13072
13039
13027
13027
13021
13002
12997
12985
12977
12972
12961
12954
12949
12937
12932
12927
12926
12905
12874
12852
12848
12845
12842
12840
12828
12822
12807
12793
12791
12762
12758
12741
12708
12706
12702
12700
12698
12694
12690
12670
12667
12664
12652
12638
12635
12630
12625
12616
12611
12603
12603
12589
12586
12544
12539
12531
12492
12478
12472
12471
12471
12445
12443
12442
12441
12433
12420
12417
12406
12404
12402
12375
12365
12339
12335
12334
12332
12302
12280
12274
12264
12256
12181
12178
12166
12141
12138
12124
12105
12100
12087
12082
12076
12064
12057
12055
12052
12026
12019
12015
12012
12006
12003
11963
11962
11939
11916
11897
11894
11862
11855
11846
11831
11827
11824
11804
11790
11780
11767
11766
11758
11749
11745
11736
11729
11705
11701
11701
11697
11692
11687
11680
11659
11659
11653
11651
11637
11605
11604
11603
11593
11584
11539
11518
11506
11504
11501
11494
11487
11484
11483
11471
11465
11465
11440
11436
11433
11419
11417
11413
11412
11392
11390
11387
11381
11364
11364
11357
11355
11351
11347
11344
11344
11338
11325
11295
11289
11286
11284
11267
11239
11238
11229
11205
11204
11195
11193
11186
11184
11182
11180
11163
11160
11158
11154
11154
11146
11118
11108
11097
11069
11065
11049
11018
11015
10995
10989
10976
10958
10955
10941
10928
10909
10887
10871
10860
10858
10855
10852
10839
10807
10806
10797
10780
10754
10752
10746
10741
10695
10659
10653
10632
10628
10624
10622
10620
10615
10610
10608
10604
10591
10584
10575
10572
10529
10518
10511
10500
10495
10480
10453
10452
10437
10436
10430
10419
10406
10396
10391
10381
10381
10372
10369
10361
10358
10349
10346
10333
10319
10316
10306
10298
10280
10276
10258
10242
10224
10218
10202
10193
10177
10176
10175
10173
10173
10161
10152
10140
10138
10101
10098
10097
10089
10082
10066
10047
10040
10032
10017
10009
9992
9985
9983
9976
9976
9966
9960
9957
9953
9951
9934
9927
9926
9910
9903
9901
9890
9889
9883
9862
9852
9850
9849
9832
9806
9797
9795
9793
9773
9758
9756
9752
9749
9737
9730
9721
9700
9678
9676
9673
9673
9673
9664
9645
9642
9631
9614
9612
9608
9604
9594
9588
9572
9570
9558
9550
9549
9544
9534
9532
9528
9514
9506
9487
9459
9457
9447
9433
9409
9384
9382
9379
9358
9358
9355
9324
9308
9307
9288
9266
9264
9260
9258
9255
9246
9231
9193
9170
9152
9147
9144
9144
9141
9120
9120
9109
9101
9070
9060
9060
9055
9046
9034
9031
8985
8974
8968
8957
8944
8939
8918
8917
8916
8907
8898
8897
8897
8878
8847
8844
8832
8831
8826
8814
8799
8798
8775
8775
8766
8761
8741
8722
8687
8680
8679
8677
8674
8601
8591
8586
8565
8560
8558
8551
8547
8542
8520
8515
8494
8488
8483
8453
8446
8425
8387
8382
8372
8368
8362
8357
8335
8325
8320
8315
8301
8301
8292
8283
8280
8271
8259
8251
8249
8241
8230
8227
8214
8206
8193
8149
8142
8133
8131
8122
8113
8110
8106
8083
8076
8070
8069
8068
8060
8054
8037
8026
8015
8009
8004
7935
7920
7919
7918
7917
7911
7909
7909
7908
7905
7876
7875
7870
7865
7861
7851
7845
7830
7825
7819
7817
7811
7810
7808
7796
7782
7782
7778
7772
7761
7731
7727
7693
7663
7642
7631
7630
7626
7606
7602
7590
7557
7556
7555
7538
7533
7510
7507
7484
7478
7472
7467
7459
7456
7454
7436
7401
7389
7371
7337
7326
7321
7317
7313
7311
7306
7274
7244
7238
7232
7219
7216
7216
7209
7193
7175
7154
7135
7128
7127
7121
7115
7106
7105
7104
7094
7091
7090
7085
7059
7055
7044
7044
7042
7042
7036
7024
7024
7013
6991
6987
6985
6979
6977
6973
6967
6960
6952
6945
6939
6924
6916
6914
6911
6890
6888
6869
6865
6849
6845
6841
6839
6833
6807
6800
6789
6779
6762
6752
6737
6724
6703
6697
6686
6671
6669
6638
6615
6613
6608
6583
6572
6572
6570
6568
6563
6558
6547
6541
6535
6522
6519
6512
6511
6506
6479
6478
6465
6459
6450
6449
6420
6419
6419
6417
6399
6396
6390
6390
6388
6367
6363
6357
6355
6345
6320
6318
6308
6304
6276
6275
6266
6266
6257
6252
6248
6235
6231
6226
6213
6209
6200
6187
6180
6172
6169
6155
6151
6136
6132
6113
6096
6087
6085
6084
6075
6074
6068
6067
6049
6046
6040
6026
6022
6016
5980
5979
5972
5972
5951
5951
5950
5940
5926
5915
5910
5903
5898
5893
5891
5886
5885
5880
5859
5836
5792
5781
5773
5766
5766
5765
5761
5753
5722
5717
5714
5713
5707
5697
5682
5680
5678
5645
5643
5624
5622
5614
5612
5593
5593
5582
5533
5531
5520
5509
5504
5496
5492
5491
5481
5472
5457
5457
5444
5419
5409
5406
5403
5397
5397
5387
5382
5373
5363
5360
5334
5332
5307
5303
5301
5278
5276
5271
5264
5262
5256
5252
5249
5248
5232
5228
5219
5217
5197
5190
5185
5184
5184
5173
5173
5147
5104
5097
5087
5079
5069
5050
5044
5004
4984
4971
4961
4958
4956
4946
4944
4883
4876
4865
4859
4834
4815
4795
4790
4787
4770
4765
4744
4742
4737
4736
4735
4728
4723
4722
4721
4717
4707
4706
4693
4682
4677
4673
4666
4661
4635
4614
4613
4609
4603
4603
4591
4581
4577
4574
4561
4558
4555
4547
4547
4542
4534
4475
4474
4454
4427
4426
4412
4400
4398
4396
4387
4374
4369
4363
4360
4358
4345
4334
4331
4327
4318
4304
4281
4278
4254
4252
4248
4241
4237
4221
4213
4205
4199
4192
4179
4172
4171
4157
4124
4119
4113
4109
4103
4102
4060
4057
4055
4050
4048
4016
4015
4009
4004
3996
3995
3972
3962
3959
3938
3930
3929
3924
3918
3906
3887
3887
3884
3875
3870
3855
3848
3797
3792
3787
3773
3767
3754
3749
3744
3743
3717
3705
3687
3682
3680
3680
3675
3674
3660
3649
3625
3591
3573
3570
3565
3552
3545
3544
3542
3539
3523
3521
3517
3509
3503
3488
3476
3466
3454
3453
3449
3430
3426
3401
3384
3356
3353
3345
3330
3328
3323
3318
3316
3296
3280
3270
3268
3266
3261
3254
3250
3248
3245
3242
3220
3212
3207
3201
3199
3197
3192
3187
3187
3186
3166
3141
3094
3078
3071
3066
3064
3050
3042
3042
3031
2987
2981
2977
2969
2963
2962
2958
2950
2944
2943
2935
2934
2934
2913
2912
2911
2894
2888
2875
2862
2815
2812
2804
2804
2801
2794
2778
2774
2765
2757
2751
2743
2732
2707
2700
2684
2684
2683
2681
2678
2678
2677
2675
2674
2658
2648
2627
2618
2617
2604
2603
2595
2557
2556
2541
2540
2531
2522
2518
2499
2496
2489
2486
2484
2464
2451
2439
2429
2427
2423
2366
2363
2360
2345
2344
2340
2336
2331
2331
2330
2310
2307
2299
2285
2280
2269
2268
2264
2256
2249
2229
2225
2222
2208
2203
2150
2147
2132
2124
2124
2123
2120
2103
2089
2084
2078
2077
2069
2063
2051
2045
2044
2035
2026
2025
2025
2024
2009
1932
1928
1923
1885
1884
1882
1871
1868
1865
1853
1849
1830
1826
1825
1818
1812
1810
1803
1802
1758
1757
1755
1727
1712
1704
1681
1665
1649
1643
1622
1618
1609
1602
1600
1595
1594
1592
1587
1584
1581
1532
1529
1527
1525
1519
1516
1511
1454
1452
1440
1417
1409
1403
1397
1379
1371
1356
1341
1287
1286
1280
1271
1254
1227
1224
1217
1214
1198
1191
1186
1183
1174
1172
1164
1150
1148
1148
1144
1136
1130
1127
1118
1106
1095
1053
1046
1020
1018
1004
994
953
949
946
939
918
897
877
874
848
844
830
817
816
815
793
783
772
768
755
753
742
742
741
726
718
712
705
684
674
669
647
642
637
629
616
611
609
605
603
602
595
589
567
563
560
555
549
525
521
510
492
490
482
476
458
456
443
443
430
420
407
403
377
344
330
327
319
318
316
314
309
301
299
289
288
283
271
256
230
211
209
205
190
173
172
146
101
92
90
86
84
80
39
38
27
18
